PROGRAM:                CITVAP v3.9.01 (07-DEC-2013) CAREM release
Licensed to:            pablo octaviano <pablok_08@hotmail.com> DIFRA -CAB -CNEA on Windows.
Program file:           D:\TWINGL\pre_cit.exe  (crc 0)
Input   file:           D:\TWINGL\twiglS.cii  (crc 0)
Running on machine:     KALI-6
Working directory:      D:\TWINGL
User name:              CNEA
Date/Time:              14/11/2019 at 13:04:06
       Reading file: twigl_full.sc4 -> D:\TWINGL\twigl_full.sc4
       Reading file: twigl_full.sc5 -> D:\TWINGL\twigl_full.sc5
       Reading file: twigl.mat -> D:\TWINGL\twigl.mat
       HXS Library: twigl.bib -> D:\TWINGL\twigl.bib
       Reading file: twigl.sc26 -> D:\TWINGL\twigl.sc26
  END Pre-Processing
Program file:           D:\TWINGL\citvap0.exe  (crc 0)
Running on machine:     KALI-6
Date/Time:              14/11/2019 at 13:04:07

              ********* THIS JOB WAS RUN ON  11/14/19  ON THE i386/486 BASED PC *********





 TWIGL BENCHMARK                                                         
  benchmark numerico                              ***** TIME=   0.00 DAYS



 GENERAL CONTROL INPUT - SECTION 001

    0   0   1   0   0   1   1   0   0  -5   0   0   0   0   0   0   0   0   1   0   0   0   0   0
    0   0   0   0   0   0   0   0   1   0   0   1   1   0   0   0   0   0   0   0   0   0   0   0
  900 100  10   2   3   0   0   0   0   0   0   0   0   0   0   0   0   0 999 999 999 999 999 999
   1.500000E+00  5.000000E-01  1.000000E+10  1.000000E+24  0.000000E+00  1.000000E+00



 NEUTRON FLUX PROBLEM DESCRIPTION - SECTION 003

    0   0   0   0   6   0   0   0   0   0   0   0   0   0   0   0     10   0   0   0   0   0   0   0
   1.000000E-08  1.000000E-05  1.000000E-04  1.000000E-04  1.000000E-04  0.000000E+00
   0.000000E+00  0.000000E+00  1.000000E+00  1.000000E+00  1.000000E+00  0.000000E+00



 LEFT,TOP,RIGHT,BOTTOM,FRONT,BACK BOUNDARY CONDITIONS ARE
   4.692000E-01  4.692000E-01  4.692000E-01  4.692000E-01  4.692000E-01  4.692000E-01

 

 ROD BND. CONSTANT FOR ALL GROUPS IN ZONE     10  IS  4.692000E-01

  TWO DIMENSIONAL SLAB GEOMETRY (X,Y)  WIDTH  1.920000E+02  HEIGHT  1.920000E+02



  REGION SPECIFICATIONS
    PTS  REGION WIDTH
      1  4.000000E+00     1  4.000000E+00     1  4.000000E+00     1  4.000000E+00     1  4.000000E+00     1  4.000000E+00
      1  4.000000E+00     1  4.000000E+00     1  4.000000E+00     1  4.000000E+00     1  4.000000E+00     1  4.000000E+00
      1  4.000000E+00     1  4.000000E+00     1  4.000000E+00     1  4.000000E+00     1  4.000000E+00     1  4.000000E+00
      1  4.000000E+00     1  4.000000E+00     1  4.000000E+00     1  4.000000E+00     1  4.000000E+00     1  4.000000E+00
      1  4.000000E+00     1  4.000000E+00     1  4.000000E+00     1  4.000000E+00     1  4.000000E+00     1  4.000000E+00
      1  4.000000E+00     1  4.000000E+00     1  4.000000E+00     1  4.000000E+00     1  4.000000E+00     1  4.000000E+00
      1  4.000000E+00     1  4.000000E+00     1  4.000000E+00     1  4.000000E+00     1  4.000000E+00     1  4.000000E+00
      1  4.000000E+00     1  4.000000E+00     1  4.000000E+00     1  4.000000E+00     1  4.000000E+00     1  4.000000E+00

    PTS  REGION HEIGHT
      1  4.000000E+00     1  4.000000E+00     1  4.000000E+00     1  4.000000E+00     1  4.000000E+00     1  4.000000E+00
      1  4.000000E+00     1  4.000000E+00     1  4.000000E+00     1  4.000000E+00     1  4.000000E+00     1  4.000000E+00
      1  4.000000E+00     1  4.000000E+00     1  4.000000E+00     1  4.000000E+00     1  4.000000E+00     1  4.000000E+00
      1  4.000000E+00     1  4.000000E+00     1  4.000000E+00     1  4.000000E+00     1  4.000000E+00     1  4.000000E+00
      1  4.000000E+00     1  4.000000E+00     1  4.000000E+00     1  4.000000E+00     1  4.000000E+00     1  4.000000E+00
      1  4.000000E+00     1  4.000000E+00     1  4.000000E+00     1  4.000000E+00     1  4.000000E+00     1  4.000000E+00
      1  4.000000E+00     1  4.000000E+00     1  4.000000E+00     1  4.000000E+00     1  4.000000E+00     1  4.000000E+00
      1  4.000000E+00     1  4.000000E+00     1  4.000000E+00     1  4.000000E+00     1  4.000000E+00     1  4.000000E+00

  X-DIR. POINTS  48         Y-DIR. POINTS  48

  DISTANCES TO MESH INTERVAL INTERFACES

     J   DIST.
     2   4.000    3   8.000    4  12.000    5  16.000    6  20.000    7  24.000    8  28.000    9  32.000   10  36.000
    11  40.000   12  44.000   13  48.000   14  52.000   15  56.000   16  60.000   17  64.000   18  68.000   19  72.000
    20  76.000   21  80.000   22  84.000   23  88.000   24  92.000   25  96.000   26 100.000   27 104.000   28 108.000
    29 112.000   30 116.000   31 120.000   32 124.000   33 128.000   34 132.000   35 136.000   36 140.000   37 144.000
    38 148.000   39 152.000   40 156.000   41 160.000   42 164.000   43 168.000   44 172.000   45 176.000   46 180.000
    47 184.000   48 188.000   49 192.000

     I   DIST.
     2   4.000    3   8.000    4  12.000    5  16.000    6  20.000    7  24.000    8  28.000    9  32.000   10  36.000
    11  40.000   12  44.000   13  48.000   14  52.000   15  56.000   16  60.000   17  64.000   18  68.000   19  72.000
    20  76.000   21  80.000   22  84.000   23  88.000   24  92.000   25  96.000   26 100.000   27 104.000   28 108.000
    29 112.000   30 116.000   31 120.000   32 124.000   33 128.000   34 132.000   35 136.000   36 140.000   37 144.000
    38 148.000   39 152.000   40 156.000   41 160.000   42 164.000   43 168.000   44 172.000   45 176.000   46 180.000
    47 184.000   48 188.000   49 192.000

  DISTANCES TO FLUX POINTS

     J   DIST.
     1   2.000    2   6.000    3  10.000    4  14.000    5  18.000    6  22.000    7  26.000    8  30.000    9  34.000
    10  38.000   11  42.000   12  46.000   13  50.000   14  54.000   15  58.000   16  62.000   17  66.000   18  70.000
    19  74.000   20  78.000   21  82.000   22  86.000   23  90.000   24  94.000   25  98.000   26 102.000   27 106.000
    28 110.000   29 114.000   30 118.000   31 122.000   32 126.000   33 130.000   34 134.000   35 138.000   36 142.000
    37 146.000   38 150.000   39 154.000   40 158.000   41 162.000   42 166.000   43 170.000   44 174.000   45 178.000
    46 182.000   47 186.000   48 190.000

     I   DIST.
     1   2.000    2   6.000    3  10.000    4  14.000    5  18.000    6  22.000    7  26.000    8  30.000    9  34.000
    10  38.000   11  42.000   12  46.000   13  50.000   14  54.000   15  58.000   16  62.000   17  66.000   18  70.000
    19  74.000   20  78.000   21  82.000   22  86.000   23  90.000   24  94.000   25  98.000   26 102.000   27 106.000
    28 110.000   29 114.000   30 118.000   31 122.000   32 126.000   33 130.000   34 134.000   35 138.000   36 142.000
    37 146.000   38 150.000   39 154.000   40 158.000   41 162.000   42 166.000   43 170.000   44 174.000   45 178.000
    46 182.000   47 186.000   48 190.000

 

 FISSION SOURCE DISTRIBUTION AND SUM  1.00000  0.00000  1.00000

 

 FIXED SOURCE INPUT SECTION 026

 POINT NEUTRON SOURCE(N/SEC) FOR GROUP    1

          1          2          3          4          5          6          7          8          9         10         11
   1   0.000E+00  0.000E+00  0.000E+00  0.000E+00  0.000E+00  0.000E+00  0.000E+00  0.000E+00  0.000E+00  0.000E+00  0.000E+00
   2   0.000E+00  0.000E+00  0.000E+00  0.000E+00  0.000E+00  0.000E+00  0.000E+00  0.000E+00  0.000E+00  0.000E+00  0.000E+00
   3   0.000E+00  0.000E+00  0.000E+00  0.000E+00  0.000E+00  0.000E+00  0.000E+00  0.000E+00  0.000E+00  0.000E+00  0.000E+00
   4   0.000E+00  0.000E+00  0.000E+00  0.000E+00  0.000E+00  0.000E+00  0.000E+00  0.000E+00  0.000E+00  0.000E+00  0.000E+00
   5   0.000E+00  0.000E+00  0.000E+00  0.000E+00  7.000E+09  1.420E+10  2.118E+10  2.821E+10  3.533E+10  4.249E+10  4.959E+10
   6   0.000E+00  0.000E+00  0.000E+00  0.000E+00  1.420E+10  2.896E+10  4.328E+10  5.772E+10  7.236E+10  8.712E+10  1.018E+11
   7   0.000E+00  0.000E+00  0.000E+00  0.000E+00  2.118E+10  4.328E+10  6.479E+10  8.654E+10  1.087E+11  1.311E+11  1.533E+11
   8   0.000E+00  0.000E+00  0.000E+00  0.000E+00  2.821E+10  5.772E+10  8.654E+10  1.158E+11  1.457E+11  1.759E+11  2.057E+11
   9   0.000E+00  0.000E+00  0.000E+00  0.000E+00  3.533E+10  7.236E+10  1.087E+11  1.457E+11  1.835E+11  2.209E+11  2.561E+11
  10   0.000E+00  0.000E+00  0.000E+00  0.000E+00  4.249E+10  8.712E+10  1.311E+11  1.759E+11  2.209E+11  2.615E+11  2.890E+11
  11   0.000E+00  0.000E+00  0.000E+00  0.000E+00  4.959E+10  1.018E+11  1.533E+11  2.057E+11  2.561E+11  2.890E+11  6.789E+11
  12   0.000E+00  0.000E+00  0.000E+00  0.000E+00  5.649E+10  1.160E+11  1.749E+11  2.349E+11  2.920E+11  3.265E+11  7.364E+11
  13   0.000E+00  0.000E+00  0.000E+00  0.000E+00  6.308E+10  1.296E+11  1.956E+11  2.628E+11  3.269E+11  3.651E+11  8.225E+11
  14   0.000E+00  0.000E+00  0.000E+00  0.000E+00  6.923E+10  1.423E+11  2.148E+11  2.888E+11  3.592E+11  4.014E+11  9.043E+11
  15   0.000E+00  0.000E+00  0.000E+00  0.000E+00  7.486E+10  1.539E+11  2.323E+11  3.123E+11  3.885E+11  4.340E+11  9.775E+11
  16   0.000E+00  0.000E+00  0.000E+00  0.000E+00  7.992E+10  1.643E+11  2.479E+11  3.333E+11  4.145E+11  4.628E+11  1.041E+12
  17   0.000E+00  0.000E+00  0.000E+00  0.000E+00  8.436E+10  1.734E+11  2.616E+11  3.515E+11  4.369E+11  4.875E+11  1.096E+12
  18   0.000E+00  0.000E+00  0.000E+00  0.000E+00  8.820E+10  1.812E+11  2.734E+11  3.671E+11  4.560E+11  5.084E+11  1.141E+12
  19   0.000E+00  0.000E+00  0.000E+00  0.000E+00  9.143E+10  1.878E+11  2.832E+11  3.801E+11  4.719E+11  5.256E+11  1.178E+12
  20   0.000E+00  0.000E+00  0.000E+00  0.000E+00  9.406E+10  1.932E+11  2.912E+11  3.907E+11  4.846E+11  5.393E+11  1.208E+12
  21   0.000E+00  0.000E+00  0.000E+00  0.000E+00  9.613E+10  1.974E+11  2.974E+11  3.989E+11  4.945E+11  5.499E+11  1.230E+12
  22   0.000E+00  0.000E+00  0.000E+00  0.000E+00  9.765E+10  2.005E+11  3.020E+11  4.049E+11  5.017E+11  5.576E+11  1.246E+12
  23   0.000E+00  0.000E+00  0.000E+00  0.000E+00  9.866E+10  2.025E+11  3.050E+11  4.088E+11  5.064E+11  5.626E+11  1.256E+12
  24   0.000E+00  0.000E+00  0.000E+00  0.000E+00  9.915E+10  2.035E+11  3.065E+11  4.108E+11  5.087E+11  5.651E+11  1.262E+12
  25   0.000E+00  0.000E+00  0.000E+00  0.000E+00  9.915E+10  2.035E+11  3.065E+11  4.108E+11  5.087E+11  5.651E+11  1.262E+12
  26   0.000E+00  0.000E+00  0.000E+00  0.000E+00  9.866E+10  2.025E+11  3.050E+11  4.088E+11  5.064E+11  5.626E+11  1.256E+12
  27   0.000E+00  0.000E+00  0.000E+00  0.000E+00  9.765E+10  2.005E+11  3.020E+11  4.049E+11  5.017E+11  5.576E+11  1.246E+12
  28   0.000E+00  0.000E+00  0.000E+00  0.000E+00  9.613E+10  1.974E+11  2.974E+11  3.989E+11  4.945E+11  5.499E+11  1.230E+12
  29   0.000E+00  0.000E+00  0.000E+00  0.000E+00  9.406E+10  1.932E+11  2.912E+11  3.907E+11  4.846E+11  5.393E+11  1.208E+12
  30   0.000E+00  0.000E+00  0.000E+00  0.000E+00  9.143E+10  1.878E+11  2.832E+11  3.801E+11  4.719E+11  5.256E+11  1.178E+12
  31   0.000E+00  0.000E+00  0.000E+00  0.000E+00  8.820E+10  1.812E+11  2.734E+11  3.671E+11  4.560E+11  5.084E+11  1.141E+12
  32   0.000E+00  0.000E+00  0.000E+00  0.000E+00  8.436E+10  1.734E+11  2.616E+11  3.515E+11  4.369E+11  4.875E+11  1.096E+12
  33   0.000E+00  0.000E+00  0.000E+00  0.000E+00  7.992E+10  1.643E+11  2.479E+11  3.333E+11  4.145E+11  4.628E+11  1.041E+12
  34   0.000E+00  0.000E+00  0.000E+00  0.000E+00  7.486E+10  1.539E+11  2.323E+11  3.123E+11  3.885E+11  4.340E+11  9.775E+11
  35   0.000E+00  0.000E+00  0.000E+00  0.000E+00  6.923E+10  1.423E+11  2.148E+11  2.888E+11  3.592E+11  4.014E+11  9.043E+11
  36   0.000E+00  0.000E+00  0.000E+00  0.000E+00  6.308E+10  1.296E+11  1.956E+11  2.628E+11  3.269E+11  3.651E+11  8.225E+11
  37   0.000E+00  0.000E+00  0.000E+00  0.000E+00  5.649E+10  1.160E+11  1.749E+11  2.349E+11  2.920E+11  3.265E+11  7.364E+11
  38   0.000E+00  0.000E+00  0.000E+00  0.000E+00  4.959E+10  1.018E+11  1.533E+11  2.057E+11  2.561E+11  2.890E+11  6.789E+11
  39   0.000E+00  0.000E+00  0.000E+00  0.000E+00  4.249E+10  8.712E+10  1.311E+11  1.759E+11  2.209E+11  2.615E+11  2.890E+11
  40   0.000E+00  0.000E+00  0.000E+00  0.000E+00  3.533E+10  7.236E+10  1.087E+11  1.457E+11  1.835E+11  2.209E+11  2.561E+11
  41   0.000E+00  0.000E+00  0.000E+00  0.000E+00  2.821E+10  5.772E+10  8.654E+10  1.158E+11  1.457E+11  1.759E+11  2.057E+11
  42   0.000E+00  0.000E+00  0.000E+00  0.000E+00  2.118E+10  4.328E+10  6.479E+10  8.654E+10  1.087E+11  1.311E+11  1.533E+11
  43   0.000E+00  0.000E+00  0.000E+00  0.000E+00  1.420E+10  2.896E+10  4.328E+10  5.772E+10  7.236E+10  8.712E+10  1.018E+11
  44   0.000E+00  0.000E+00  0.000E+00  0.000E+00  7.000E+09  1.420E+10  2.118E+10  2.821E+10  3.533E+10  4.249E+10  4.959E+10
  45   0.000E+00  0.000E+00  0.000E+00  0.000E+00  0.000E+00  0.000E+00  0.000E+00  0.000E+00  0.000E+00  0.000E+00  0.000E+00
  46   0.000E+00  0.000E+00  0.000E+00  0.000E+00  0.000E+00  0.000E+00  0.000E+00  0.000E+00  0.000E+00  0.000E+00  0.000E+00
  47   0.000E+00  0.000E+00  0.000E+00  0.000E+00  0.000E+00  0.000E+00  0.000E+00  0.000E+00  0.000E+00  0.000E+00  0.000E+00
  48   0.000E+00  0.000E+00  0.000E+00  0.000E+00  0.000E+00  0.000E+00  0.000E+00  0.000E+00  0.000E+00  0.000E+00  0.000E+00

         12         13         14         15         16         17         18         19         20         21         22
   1   0.000E+00  0.000E+00  0.000E+00  0.000E+00  0.000E+00  0.000E+00  0.000E+00  0.000E+00  0.000E+00  0.000E+00  0.000E+00
   2   0.000E+00  0.000E+00  0.000E+00  0.000E+00  0.000E+00  0.000E+00  0.000E+00  0.000E+00  0.000E+00  0.000E+00  0.000E+00
   3   0.000E+00  0.000E+00  0.000E+00  0.000E+00  0.000E+00  0.000E+00  0.000E+00  0.000E+00  0.000E+00  0.000E+00  0.000E+00
   4   0.000E+00  0.000E+00  0.000E+00  0.000E+00  0.000E+00  0.000E+00  0.000E+00  0.000E+00  0.000E+00  0.000E+00  0.000E+00
   5   5.649E+10  6.308E+10  6.923E+10  7.486E+10  7.992E+10  8.436E+10  8.820E+10  9.143E+10  9.406E+10  9.613E+10  9.765E+10
   6   1.160E+11  1.296E+11  1.423E+11  1.539E+11  1.643E+11  1.734E+11  1.812E+11  1.878E+11  1.932E+11  1.974E+11  2.005E+11
   7   1.749E+11  1.956E+11  2.148E+11  2.323E+11  2.479E+11  2.616E+11  2.734E+11  2.832E+11  2.912E+11  2.974E+11  3.020E+11
   8   2.349E+11  2.628E+11  2.888E+11  3.123E+11  3.333E+11  3.515E+11  3.671E+11  3.801E+11  3.907E+11  3.989E+11  4.049E+11
   9   2.920E+11  3.269E+11  3.592E+11  3.885E+11  4.145E+11  4.369E+11  4.560E+11  4.719E+11  4.846E+11  4.945E+11  5.017E+11
  10   3.265E+11  3.651E+11  4.014E+11  4.340E+11  4.628E+11  4.875E+11  5.084E+11  5.256E+11  5.393E+11  5.499E+11  5.576E+11
  11   7.364E+11  8.225E+11  9.043E+11  9.775E+11  1.041E+12  1.096E+12  1.141E+12  1.178E+12  1.208E+12  1.230E+12  1.246E+12
  12   7.919E+11  8.839E+11  9.715E+11  1.049E+12  1.116E+12  1.173E+12  1.219E+12  1.257E+12  1.286E+12  1.308E+12  1.324E+12
  13   8.839E+11  9.863E+11  1.083E+12  1.168E+12  1.240E+12  1.301E+12  1.349E+12  1.388E+12  1.417E+12  1.439E+12  1.455E+12
  14   9.715E+11  1.083E+12  1.188E+12  1.278E+12  1.355E+12  1.417E+12  1.466E+12  1.504E+12  1.531E+12  1.552E+12  1.565E+12
  15   1.049E+12  1.168E+12  1.278E+12  1.373E+12  1.451E+12  1.512E+12  1.559E+12  1.593E+12  1.617E+12  1.633E+12  1.644E+12
  16   1.116E+12  1.240E+12  1.355E+12  1.451E+12  1.527E+12  1.586E+12  1.627E+12  1.655E+12  1.673E+12  1.683E+12  1.689E+12
  17   1.173E+12  1.301E+12  1.417E+12  1.512E+12  1.586E+12  1.638E+12  1.672E+12  1.700E+12  1.711E+12  1.714E+12  1.714E+12
  18   1.219E+12  1.349E+12  1.466E+12  1.559E+12  1.627E+12  1.672E+12  1.714E+12  1.827E+12  1.852E+12  1.850E+12  1.842E+12
  19   1.257E+12  1.388E+12  1.504E+12  1.593E+12  1.655E+12  1.700E+12  1.827E+12  9.088E+11  9.591E+11  9.622E+11  9.563E+11
  20   1.286E+12  1.417E+12  1.531E+12  1.617E+12  1.673E+12  1.711E+12  1.852E+12  9.591E+11  1.018E+12  1.020E+12  1.010E+12
  21   1.308E+12  1.439E+12  1.552E+12  1.633E+12  1.683E+12  1.714E+12  1.850E+12  9.622E+11  1.020E+12  1.017E+12  1.004E+12
  22   1.324E+12  1.455E+12  1.565E+12  1.644E+12  1.689E+12  1.714E+12  1.842E+12  9.563E+11  1.010E+12  1.004E+12  9.880E+11
  23   1.334E+12  1.464E+12  1.574E+12  1.651E+12  1.693E+12  1.713E+12  1.836E+12  9.507E+11  1.002E+12  9.930E+11  9.749E+11
  24   1.339E+12  1.469E+12  1.578E+12  1.654E+12  1.694E+12  1.712E+12  1.833E+12  9.477E+11  9.970E+11  9.872E+11  9.680E+11
  25   1.339E+12  1.469E+12  1.578E+12  1.654E+12  1.694E+12  1.712E+12  1.833E+12  9.477E+11  9.970E+11  9.872E+11  9.680E+11
  26   1.334E+12  1.464E+12  1.574E+12  1.651E+12  1.693E+12  1.713E+12  1.836E+12  9.507E+11  1.002E+12  9.930E+11  9.749E+11
  27   1.324E+12  1.455E+12  1.565E+12  1.644E+12  1.689E+12  1.714E+12  1.842E+12  9.563E+11  1.010E+12  1.004E+12  9.880E+11
  28   1.308E+12  1.439E+12  1.552E+12  1.633E+12  1.683E+12  1.714E+12  1.850E+12  9.622E+11  1.020E+12  1.017E+12  1.004E+12
  29   1.286E+12  1.417E+12  1.531E+12  1.617E+12  1.673E+12  1.711E+12  1.852E+12  9.591E+11  1.018E+12  1.020E+12  1.010E+12
  30   1.257E+12  1.388E+12  1.504E+12  1.593E+12  1.655E+12  1.700E+12  1.827E+12  9.088E+11  9.591E+11  9.622E+11  9.563E+11
  31   1.219E+12  1.349E+12  1.466E+12  1.559E+12  1.627E+12  1.672E+12  1.714E+12  1.827E+12  1.852E+12  1.850E+12  1.842E+12
  32   1.173E+12  1.301E+12  1.417E+12  1.512E+12  1.586E+12  1.638E+12  1.672E+12  1.700E+12  1.711E+12  1.714E+12  1.714E+12
  33   1.116E+12  1.240E+12  1.355E+12  1.451E+12  1.527E+12  1.586E+12  1.627E+12  1.655E+12  1.673E+12  1.683E+12  1.689E+12
  34   1.049E+12  1.168E+12  1.278E+12  1.373E+12  1.451E+12  1.512E+12  1.559E+12  1.593E+12  1.617E+12  1.633E+12  1.644E+12
  35   9.715E+11  1.083E+12  1.188E+12  1.278E+12  1.355E+12  1.417E+12  1.466E+12  1.504E+12  1.531E+12  1.552E+12  1.565E+12
  36   8.839E+11  9.863E+11  1.083E+12  1.168E+12  1.240E+12  1.301E+12  1.349E+12  1.388E+12  1.417E+12  1.439E+12  1.455E+12
  37   7.919E+11  8.839E+11  9.715E+11  1.049E+12  1.116E+12  1.173E+12  1.219E+12  1.257E+12  1.286E+12  1.308E+12  1.324E+12
  38   7.364E+11  8.225E+11  9.043E+11  9.775E+11  1.041E+12  1.096E+12  1.141E+12  1.178E+12  1.208E+12  1.230E+12  1.246E+12
  39   3.265E+11  3.651E+11  4.014E+11  4.340E+11  4.628E+11  4.875E+11  5.084E+11  5.256E+11  5.393E+11  5.499E+11  5.576E+11
  40   2.920E+11  3.269E+11  3.592E+11  3.885E+11  4.145E+11  4.369E+11  4.560E+11  4.719E+11  4.846E+11  4.945E+11  5.017E+11
  41   2.349E+11  2.628E+11  2.888E+11  3.123E+11  3.333E+11  3.515E+11  3.671E+11  3.801E+11  3.907E+11  3.989E+11  4.049E+11
  42   1.749E+11  1.956E+11  2.148E+11  2.323E+11  2.479E+11  2.616E+11  2.734E+11  2.832E+11  2.912E+11  2.974E+11  3.020E+11
  43   1.160E+11  1.296E+11  1.423E+11  1.539E+11  1.643E+11  1.734E+11  1.812E+11  1.878E+11  1.932E+11  1.974E+11  2.005E+11
  44   5.649E+10  6.308E+10  6.923E+10  7.486E+10  7.992E+10  8.436E+10  8.820E+10  9.143E+10  9.406E+10  9.613E+10  9.765E+10
  45   0.000E+00  0.000E+00  0.000E+00  0.000E+00  0.000E+00  0.000E+00  0.000E+00  0.000E+00  0.000E+00  0.000E+00  0.000E+00
  46   0.000E+00  0.000E+00  0.000E+00  0.000E+00  0.000E+00  0.000E+00  0.000E+00  0.000E+00  0.000E+00  0.000E+00  0.000E+00
  47   0.000E+00  0.000E+00  0.000E+00  0.000E+00  0.000E+00  0.000E+00  0.000E+00  0.000E+00  0.000E+00  0.000E+00  0.000E+00
  48   0.000E+00  0.000E+00  0.000E+00  0.000E+00  0.000E+00  0.000E+00  0.000E+00  0.000E+00  0.000E+00  0.000E+00  0.000E+00

         23         24         25         26         27         28         29         30         31         32         33
   1   0.000E+00  0.000E+00  0.000E+00  0.000E+00  0.000E+00  0.000E+00  0.000E+00  0.000E+00  0.000E+00  0.000E+00  0.000E+00
   2   0.000E+00  0.000E+00  0.000E+00  0.000E+00  0.000E+00  0.000E+00  0.000E+00  0.000E+00  0.000E+00  0.000E+00  0.000E+00
   3   0.000E+00  0.000E+00  0.000E+00  0.000E+00  0.000E+00  0.000E+00  0.000E+00  0.000E+00  0.000E+00  0.000E+00  0.000E+00
   4   0.000E+00  0.000E+00  0.000E+00  0.000E+00  0.000E+00  0.000E+00  0.000E+00  0.000E+00  0.000E+00  0.000E+00  0.000E+00
   5   9.866E+10  9.915E+10  9.915E+10  9.866E+10  9.765E+10  9.613E+10  9.406E+10  9.143E+10  8.820E+10  8.436E+10  7.992E+10
   6   2.025E+11  2.035E+11  2.035E+11  2.025E+11  2.005E+11  1.974E+11  1.932E+11  1.878E+11  1.812E+11  1.734E+11  1.643E+11
   7   3.050E+11  3.065E+11  3.065E+11  3.050E+11  3.020E+11  2.974E+11  2.912E+11  2.832E+11  2.734E+11  2.616E+11  2.479E+11
   8   4.088E+11  4.108E+11  4.108E+11  4.088E+11  4.049E+11  3.989E+11  3.907E+11  3.801E+11  3.671E+11  3.515E+11  3.333E+11
   9   5.064E+11  5.087E+11  5.087E+11  5.064E+11  5.017E+11  4.945E+11  4.846E+11  4.719E+11  4.560E+11  4.369E+11  4.145E+11
  10   5.626E+11  5.651E+11  5.651E+11  5.626E+11  5.576E+11  5.499E+11  5.393E+11  5.256E+11  5.084E+11  4.875E+11  4.628E+11
  11   1.256E+12  1.262E+12  1.262E+12  1.256E+12  1.246E+12  1.230E+12  1.208E+12  1.178E+12  1.141E+12  1.096E+12  1.041E+12
  12   1.334E+12  1.339E+12  1.339E+12  1.334E+12  1.324E+12  1.308E+12  1.286E+12  1.257E+12  1.219E+12  1.173E+12  1.116E+12
  13   1.464E+12  1.469E+12  1.469E+12  1.464E+12  1.455E+12  1.439E+12  1.417E+12  1.388E+12  1.349E+12  1.301E+12  1.240E+12
  14   1.574E+12  1.578E+12  1.578E+12  1.574E+12  1.565E+12  1.552E+12  1.531E+12  1.504E+12  1.466E+12  1.417E+12  1.355E+12
  15   1.651E+12  1.654E+12  1.654E+12  1.651E+12  1.644E+12  1.633E+12  1.617E+12  1.593E+12  1.559E+12  1.512E+12  1.451E+12
  16   1.693E+12  1.694E+12  1.694E+12  1.693E+12  1.689E+12  1.683E+12  1.673E+12  1.655E+12  1.627E+12  1.586E+12  1.527E+12
  17   1.713E+12  1.712E+12  1.712E+12  1.713E+12  1.714E+12  1.714E+12  1.711E+12  1.700E+12  1.672E+12  1.638E+12  1.586E+12
  18   1.836E+12  1.833E+12  1.833E+12  1.836E+12  1.842E+12  1.850E+12  1.852E+12  1.827E+12  1.714E+12  1.672E+12  1.627E+12
  19   9.507E+11  9.477E+11  9.477E+11  9.507E+11  9.563E+11  9.622E+11  9.591E+11  9.088E+11  1.827E+12  1.700E+12  1.655E+12
  20   1.002E+12  9.970E+11  9.970E+11  1.002E+12  1.010E+12  1.020E+12  1.018E+12  9.591E+11  1.852E+12  1.711E+12  1.673E+12
  21   9.930E+11  9.872E+11  9.872E+11  9.930E+11  1.004E+12  1.017E+12  1.020E+12  9.622E+11  1.850E+12  1.714E+12  1.683E+12
  22   9.749E+11  9.680E+11  9.680E+11  9.749E+11  9.880E+11  1.004E+12  1.010E+12  9.563E+11  1.842E+12  1.714E+12  1.689E+12
  23   9.604E+11  9.529E+11  9.529E+11  9.604E+11  9.749E+11  9.930E+11  1.002E+12  9.507E+11  1.836E+12  1.713E+12  1.693E+12
  24   9.529E+11  9.450E+11  9.450E+11  9.529E+11  9.680E+11  9.872E+11  9.970E+11  9.477E+11  1.833E+12  1.712E+12  1.694E+12
  25   9.529E+11  9.450E+11  9.450E+11  9.529E+11  9.680E+11  9.872E+11  9.970E+11  9.477E+11  1.833E+12  1.712E+12  1.694E+12
  26   9.604E+11  9.529E+11  9.529E+11  9.604E+11  9.749E+11  9.930E+11  1.002E+12  9.507E+11  1.836E+12  1.713E+12  1.693E+12
  27   9.749E+11  9.680E+11  9.680E+11  9.749E+11  9.880E+11  1.004E+12  1.010E+12  9.563E+11  1.842E+12  1.714E+12  1.689E+12
  28   9.930E+11  9.872E+11  9.872E+11  9.930E+11  1.004E+12  1.017E+12  1.020E+12  9.622E+11  1.850E+12  1.714E+12  1.683E+12
  29   1.002E+12  9.970E+11  9.970E+11  1.002E+12  1.010E+12  1.020E+12  1.018E+12  9.591E+11  1.852E+12  1.711E+12  1.673E+12
  30   9.507E+11  9.477E+11  9.477E+11  9.507E+11  9.563E+11  9.622E+11  9.591E+11  9.088E+11  1.827E+12  1.700E+12  1.655E+12
  31   1.836E+12  1.833E+12  1.833E+12  1.836E+12  1.842E+12  1.850E+12  1.852E+12  1.827E+12  1.714E+12  1.672E+12  1.627E+12
  32   1.713E+12  1.712E+12  1.712E+12  1.713E+12  1.714E+12  1.714E+12  1.711E+12  1.700E+12  1.672E+12  1.638E+12  1.586E+12
  33   1.693E+12  1.694E+12  1.694E+12  1.693E+12  1.689E+12  1.683E+12  1.673E+12  1.655E+12  1.627E+12  1.586E+12  1.527E+12
  34   1.651E+12  1.654E+12  1.654E+12  1.651E+12  1.644E+12  1.633E+12  1.617E+12  1.593E+12  1.559E+12  1.512E+12  1.451E+12
  35   1.574E+12  1.578E+12  1.578E+12  1.574E+12  1.565E+12  1.552E+12  1.531E+12  1.504E+12  1.466E+12  1.417E+12  1.355E+12
  36   1.464E+12  1.469E+12  1.469E+12  1.464E+12  1.455E+12  1.439E+12  1.417E+12  1.388E+12  1.349E+12  1.301E+12  1.240E+12
  37   1.334E+12  1.339E+12  1.339E+12  1.334E+12  1.324E+12  1.308E+12  1.286E+12  1.257E+12  1.219E+12  1.173E+12  1.116E+12
  38   1.256E+12  1.262E+12  1.262E+12  1.256E+12  1.246E+12  1.230E+12  1.208E+12  1.178E+12  1.141E+12  1.096E+12  1.041E+12
  39   5.626E+11  5.651E+11  5.651E+11  5.626E+11  5.576E+11  5.499E+11  5.393E+11  5.256E+11  5.084E+11  4.875E+11  4.628E+11
  40   5.064E+11  5.087E+11  5.087E+11  5.064E+11  5.017E+11  4.945E+11  4.846E+11  4.719E+11  4.560E+11  4.369E+11  4.145E+11
  41   4.088E+11  4.108E+11  4.108E+11  4.088E+11  4.049E+11  3.989E+11  3.907E+11  3.801E+11  3.671E+11  3.515E+11  3.333E+11
  42   3.050E+11  3.065E+11  3.065E+11  3.050E+11  3.020E+11  2.974E+11  2.912E+11  2.832E+11  2.734E+11  2.616E+11  2.479E+11
  43   2.025E+11  2.035E+11  2.035E+11  2.025E+11  2.005E+11  1.974E+11  1.932E+11  1.878E+11  1.812E+11  1.734E+11  1.643E+11
  44   9.865E+10  9.915E+10  9.915E+10  9.865E+10  9.765E+10  9.613E+10  9.406E+10  9.143E+10  8.820E+10  8.436E+10  7.992E+10
  45   0.000E+00  0.000E+00  0.000E+00  0.000E+00  0.000E+00  0.000E+00  0.000E+00  0.000E+00  0.000E+00  0.000E+00  0.000E+00
  46   0.000E+00  0.000E+00  0.000E+00  0.000E+00  0.000E+00  0.000E+00  0.000E+00  0.000E+00  0.000E+00  0.000E+00  0.000E+00
  47   0.000E+00  0.000E+00  0.000E+00  0.000E+00  0.000E+00  0.000E+00  0.000E+00  0.000E+00  0.000E+00  0.000E+00  0.000E+00
  48   0.000E+00  0.000E+00  0.000E+00  0.000E+00  0.000E+00  0.000E+00  0.000E+00  0.000E+00  0.000E+00  0.000E+00  0.000E+00

         34         35         36         37         38         39         40         41         42         43         44
   1   0.000E+00  0.000E+00  0.000E+00  0.000E+00  0.000E+00  0.000E+00  0.000E+00  0.000E+00  0.000E+00  0.000E+00  0.000E+00
   2   0.000E+00  0.000E+00  0.000E+00  0.000E+00  0.000E+00  0.000E+00  0.000E+00  0.000E+00  0.000E+00  0.000E+00  0.000E+00
   3   0.000E+00  0.000E+00  0.000E+00  0.000E+00  0.000E+00  0.000E+00  0.000E+00  0.000E+00  0.000E+00  0.000E+00  0.000E+00
   4   0.000E+00  0.000E+00  0.000E+00  0.000E+00  0.000E+00  0.000E+00  0.000E+00  0.000E+00  0.000E+00  0.000E+00  0.000E+00
   5   7.486E+10  6.923E+10  6.308E+10  5.649E+10  4.959E+10  4.249E+10  3.533E+10  2.821E+10  2.118E+10  1.420E+10  7.000E+09
   6   1.539E+11  1.423E+11  1.296E+11  1.160E+11  1.018E+11  8.712E+10  7.236E+10  5.772E+10  4.328E+10  2.896E+10  1.420E+10
   7   2.323E+11  2.148E+11  1.956E+11  1.749E+11  1.533E+11  1.311E+11  1.087E+11  8.654E+10  6.479E+10  4.328E+10  2.118E+10
   8   3.123E+11  2.888E+11  2.628E+11  2.349E+11  2.057E+11  1.759E+11  1.457E+11  1.158E+11  8.654E+10  5.772E+10  2.821E+10
   9   3.885E+11  3.592E+11  3.269E+11  2.920E+11  2.561E+11  2.209E+11  1.835E+11  1.457E+11  1.087E+11  7.236E+10  3.533E+10
  10   4.340E+11  4.014E+11  3.651E+11  3.265E+11  2.890E+11  2.615E+11  2.209E+11  1.759E+11  1.311E+11  8.712E+10  4.249E+10
  11   9.775E+11  9.043E+11  8.225E+11  7.364E+11  6.789E+11  2.890E+11  2.561E+11  2.057E+11  1.533E+11  1.018E+11  4.959E+10
  12   1.049E+12  9.715E+11  8.839E+11  7.919E+11  7.364E+11  3.265E+11  2.920E+11  2.349E+11  1.749E+11  1.160E+11  5.649E+10
  13   1.168E+12  1.083E+12  9.863E+11  8.839E+11  8.225E+11  3.651E+11  3.269E+11  2.628E+11  1.956E+11  1.296E+11  6.308E+10
  14   1.278E+12  1.188E+12  1.083E+12  9.715E+11  9.043E+11  4.014E+11  3.592E+11  2.888E+11  2.148E+11  1.423E+11  6.923E+10
  15   1.373E+12  1.278E+12  1.168E+12  1.049E+12  9.775E+11  4.340E+11  3.885E+11  3.123E+11  2.323E+11  1.539E+11  7.486E+10
  16   1.451E+12  1.355E+12  1.240E+12  1.116E+12  1.041E+12  4.628E+11  4.145E+11  3.333E+11  2.479E+11  1.643E+11  7.992E+10
  17   1.512E+12  1.417E+12  1.301E+12  1.173E+12  1.096E+12  4.875E+11  4.369E+11  3.515E+11  2.616E+11  1.734E+11  8.436E+10
  18   1.559E+12  1.466E+12  1.349E+12  1.219E+12  1.141E+12  5.084E+11  4.560E+11  3.671E+11  2.734E+11  1.812E+11  8.820E+10
  19   1.593E+12  1.504E+12  1.388E+12  1.257E+12  1.178E+12  5.256E+11  4.719E+11  3.801E+11  2.832E+11  1.878E+11  9.143E+10
  20   1.617E+12  1.531E+12  1.417E+12  1.286E+12  1.208E+12  5.393E+11  4.846E+11  3.907E+11  2.912E+11  1.932E+11  9.406E+10
  21   1.633E+12  1.552E+12  1.439E+12  1.308E+12  1.230E+12  5.499E+11  4.945E+11  3.989E+11  2.974E+11  1.974E+11  9.613E+10
  22   1.644E+12  1.565E+12  1.455E+12  1.324E+12  1.246E+12  5.576E+11  5.017E+11  4.049E+11  3.020E+11  2.005E+11  9.765E+10
  23   1.651E+12  1.574E+12  1.464E+12  1.334E+12  1.256E+12  5.626E+11  5.064E+11  4.088E+11  3.050E+11  2.025E+11  9.865E+10
  24   1.654E+12  1.578E+12  1.469E+12  1.339E+12  1.262E+12  5.651E+11  5.087E+11  4.108E+11  3.065E+11  2.035E+11  9.915E+10
  25   1.654E+12  1.578E+12  1.469E+12  1.339E+12  1.262E+12  5.651E+11  5.087E+11  4.108E+11  3.065E+11  2.035E+11  9.915E+10
  26   1.651E+12  1.574E+12  1.464E+12  1.334E+12  1.256E+12  5.626E+11  5.064E+11  4.088E+11  3.050E+11  2.025E+11  9.865E+10
  27   1.644E+12  1.565E+12  1.455E+12  1.324E+12  1.246E+12  5.576E+11  5.017E+11  4.049E+11  3.020E+11  2.005E+11  9.765E+10
  28   1.633E+12  1.552E+12  1.439E+12  1.308E+12  1.230E+12  5.499E+11  4.945E+11  3.989E+11  2.974E+11  1.974E+11  9.613E+10
  29   1.617E+12  1.531E+12  1.417E+12  1.286E+12  1.208E+12  5.393E+11  4.846E+11  3.907E+11  2.912E+11  1.932E+11  9.406E+10
  30   1.593E+12  1.504E+12  1.388E+12  1.257E+12  1.178E+12  5.256E+11  4.719E+11  3.801E+11  2.832E+11  1.878E+11  9.143E+10
  31   1.559E+12  1.466E+12  1.349E+12  1.219E+12  1.141E+12  5.084E+11  4.560E+11  3.671E+11  2.734E+11  1.812E+11  8.820E+10
  32   1.512E+12  1.417E+12  1.301E+12  1.173E+12  1.096E+12  4.875E+11  4.369E+11  3.515E+11  2.616E+11  1.734E+11  8.436E+10
  33   1.451E+12  1.355E+12  1.240E+12  1.116E+12  1.041E+12  4.628E+11  4.145E+11  3.333E+11  2.479E+11  1.643E+11  7.992E+10
  34   1.373E+12  1.278E+12  1.168E+12  1.049E+12  9.775E+11  4.340E+11  3.885E+11  3.123E+11  2.323E+11  1.539E+11  7.486E+10
  35   1.278E+12  1.188E+12  1.083E+12  9.715E+11  9.043E+11  4.014E+11  3.592E+11  2.888E+11  2.148E+11  1.423E+11  6.923E+10
  36   1.168E+12  1.083E+12  9.863E+11  8.839E+11  8.225E+11  3.651E+11  3.269E+11  2.628E+11  1.956E+11  1.296E+11  6.308E+10
  37   1.049E+12  9.715E+11  8.839E+11  7.919E+11  7.364E+11  3.265E+11  2.920E+11  2.349E+11  1.749E+11  1.160E+11  5.649E+10
  38   9.775E+11  9.043E+11  8.225E+11  7.364E+11  6.789E+11  2.890E+11  2.561E+11  2.057E+11  1.533E+11  1.018E+11  4.959E+10
  39   4.340E+11  4.014E+11  3.651E+11  3.265E+11  2.890E+11  2.615E+11  2.209E+11  1.759E+11  1.311E+11  8.712E+10  4.249E+10
  40   3.885E+11  3.592E+11  3.269E+11  2.920E+11  2.561E+11  2.209E+11  1.835E+11  1.457E+11  1.087E+11  7.236E+10  3.533E+10
  41   3.123E+11  2.888E+11  2.628E+11  2.349E+11  2.057E+11  1.759E+11  1.457E+11  1.158E+11  8.654E+10  5.772E+10  2.821E+10
  42   2.323E+11  2.148E+11  1.956E+11  1.749E+11  1.533E+11  1.311E+11  1.087E+11  8.654E+10  6.479E+10  4.328E+10  2.118E+10
  43   1.539E+11  1.423E+11  1.296E+11  1.160E+11  1.018E+11  8.712E+10  7.236E+10  5.772E+10  4.328E+10  2.896E+10  1.420E+10
  44   7.486E+10  6.923E+10  6.308E+10  5.649E+10  4.959E+10  4.249E+10  3.533E+10  2.821E+10  2.118E+10  1.420E+10  7.000E+09
  45   0.000E+00  0.000E+00  0.000E+00  0.000E+00  0.000E+00  0.000E+00  0.000E+00  0.000E+00  0.000E+00  0.000E+00  0.000E+00
  46   0.000E+00  0.000E+00  0.000E+00  0.000E+00  0.000E+00  0.000E+00  0.000E+00  0.000E+00  0.000E+00  0.000E+00  0.000E+00
  47   0.000E+00  0.000E+00  0.000E+00  0.000E+00  0.000E+00  0.000E+00  0.000E+00  0.000E+00  0.000E+00  0.000E+00  0.000E+00
  48   0.000E+00  0.000E+00  0.000E+00  0.000E+00  0.000E+00  0.000E+00  0.000E+00  0.000E+00  0.000E+00  0.000E+00  0.000E+00

         45         46         47         48
   1   0.000E+00  0.000E+00  0.000E+00  0.000E+00
   2   0.000E+00  0.000E+00  0.000E+00  0.000E+00
   3   0.000E+00  0.000E+00  0.000E+00  0.000E+00
   4   0.000E+00  0.000E+00  0.000E+00  0.000E+00
   5   0.000E+00  0.000E+00  0.000E+00  0.000E+00
   6   0.000E+00  0.000E+00  0.000E+00  0.000E+00
   7   0.000E+00  0.000E+00  0.000E+00  0.000E+00
   8   0.000E+00  0.000E+00  0.000E+00  0.000E+00
   9   0.000E+00  0.000E+00  0.000E+00  0.000E+00
  10   0.000E+00  0.000E+00  0.000E+00  0.000E+00
  11   0.000E+00  0.000E+00  0.000E+00  0.000E+00
  12   0.000E+00  0.000E+00  0.000E+00  0.000E+00
  13   0.000E+00  0.000E+00  0.000E+00  0.000E+00
  14   0.000E+00  0.000E+00  0.000E+00  0.000E+00
  15   0.000E+00  0.000E+00  0.000E+00  0.000E+00
  16   0.000E+00  0.000E+00  0.000E+00  0.000E+00
  17   0.000E+00  0.000E+00  0.000E+00  0.000E+00
  18   0.000E+00  0.000E+00  0.000E+00  0.000E+00
  19   0.000E+00  0.000E+00  0.000E+00  0.000E+00
  20   0.000E+00  0.000E+00  0.000E+00  0.000E+00
  21   0.000E+00  0.000E+00  0.000E+00  0.000E+00
  22   0.000E+00  0.000E+00  0.000E+00  0.000E+00
  23   0.000E+00  0.000E+00  0.000E+00  0.000E+00
  24   0.000E+00  0.000E+00  0.000E+00  0.000E+00
  25   0.000E+00  0.000E+00  0.000E+00  0.000E+00
  26   0.000E+00  0.000E+00  0.000E+00  0.000E+00
  27   0.000E+00  0.000E+00  0.000E+00  0.000E+00
  28   0.000E+00  0.000E+00  0.000E+00  0.000E+00
  29   0.000E+00  0.000E+00  0.000E+00  0.000E+00
  30   0.000E+00  0.000E+00  0.000E+00  0.000E+00
  31   0.000E+00  0.000E+00  0.000E+00  0.000E+00
  32   0.000E+00  0.000E+00  0.000E+00  0.000E+00
  33   0.000E+00  0.000E+00  0.000E+00  0.000E+00
  34   0.000E+00  0.000E+00  0.000E+00  0.000E+00
  35   0.000E+00  0.000E+00  0.000E+00  0.000E+00
  36   0.000E+00  0.000E+00  0.000E+00  0.000E+00
  37   0.000E+00  0.000E+00  0.000E+00  0.000E+00
  38   0.000E+00  0.000E+00  0.000E+00  0.000E+00
  39   0.000E+00  0.000E+00  0.000E+00  0.000E+00
  40   0.000E+00  0.000E+00  0.000E+00  0.000E+00
  41   0.000E+00  0.000E+00  0.000E+00  0.000E+00
  42   0.000E+00  0.000E+00  0.000E+00  0.000E+00
  43   0.000E+00  0.000E+00  0.000E+00  0.000E+00
  44   0.000E+00  0.000E+00  0.000E+00  0.000E+00
  45   0.000E+00  0.000E+00  0.000E+00  0.000E+00
  46   0.000E+00  0.000E+00  0.000E+00  0.000E+00
  47   0.000E+00  0.000E+00  0.000E+00  0.000E+00
  48   0.000E+00  0.000E+00  0.000E+00  0.000E+00

 POINT NEUTRON SOURCE(N/SEC) FOR GROUP    2

          1          2          3          4          5          6          7          8          9         10         11
   1   0.000E+00  0.000E+00  0.000E+00  0.000E+00  0.000E+00  0.000E+00  0.000E+00  0.000E+00  0.000E+00  0.000E+00  0.000E+00
   2   0.000E+00  0.000E+00  0.000E+00  0.000E+00  0.000E+00  0.000E+00  0.000E+00  0.000E+00  0.000E+00  0.000E+00  0.000E+00
   3   0.000E+00  0.000E+00  0.000E+00  0.000E+00  0.000E+00  0.000E+00  0.000E+00  0.000E+00  0.000E+00  0.000E+00  0.000E+00
   4   0.000E+00  0.000E+00  0.000E+00  0.000E+00  0.000E+00  0.000E+00  0.000E+00  0.000E+00  0.000E+00  0.000E+00  0.000E+00
   5   0.000E+00  0.000E+00  0.000E+00  0.000E+00  0.000E+00  0.000E+00  0.000E+00  0.000E+00  0.000E+00  0.000E+00  0.000E+00
   6   0.000E+00  0.000E+00  0.000E+00  0.000E+00  0.000E+00  0.000E+00  0.000E+00  0.000E+00  0.000E+00  0.000E+00  0.000E+00
   7   0.000E+00  0.000E+00  0.000E+00  0.000E+00  0.000E+00  0.000E+00  0.000E+00  0.000E+00  0.000E+00  0.000E+00  0.000E+00
   8   0.000E+00  0.000E+00  0.000E+00  0.000E+00  0.000E+00  0.000E+00  0.000E+00  0.000E+00  0.000E+00  0.000E+00  0.000E+00
   9   0.000E+00  0.000E+00  0.000E+00  0.000E+00  0.000E+00  0.000E+00  0.000E+00  0.000E+00  0.000E+00  0.000E+00  0.000E+00
  10   0.000E+00  0.000E+00  0.000E+00  0.000E+00  0.000E+00  0.000E+00  0.000E+00  0.000E+00  0.000E+00  0.000E+00  0.000E+00
  11   0.000E+00  0.000E+00  0.000E+00  0.000E+00  0.000E+00  0.000E+00  0.000E+00  0.000E+00  0.000E+00  0.000E+00  0.000E+00
  12   0.000E+00  0.000E+00  0.000E+00  0.000E+00  0.000E+00  0.000E+00  0.000E+00  0.000E+00  0.000E+00  0.000E+00  0.000E+00
  13   0.000E+00  0.000E+00  0.000E+00  0.000E+00  0.000E+00  0.000E+00  0.000E+00  0.000E+00  0.000E+00  0.000E+00  0.000E+00
  14   0.000E+00  0.000E+00  0.000E+00  0.000E+00  0.000E+00  0.000E+00  0.000E+00  0.000E+00  0.000E+00  0.000E+00  0.000E+00
  15   0.000E+00  0.000E+00  0.000E+00  0.000E+00  0.000E+00  0.000E+00  0.000E+00  0.000E+00  0.000E+00  0.000E+00  0.000E+00
  16   0.000E+00  0.000E+00  0.000E+00  0.000E+00  0.000E+00  0.000E+00  0.000E+00  0.000E+00  0.000E+00  0.000E+00  0.000E+00
  17   0.000E+00  0.000E+00  0.000E+00  0.000E+00  0.000E+00  0.000E+00  0.000E+00  0.000E+00  0.000E+00  0.000E+00  0.000E+00
  18   0.000E+00  0.000E+00  0.000E+00  0.000E+00  0.000E+00  0.000E+00  0.000E+00  0.000E+00  0.000E+00  0.000E+00  0.000E+00
  19   0.000E+00  0.000E+00  0.000E+00  0.000E+00  0.000E+00  0.000E+00  0.000E+00  0.000E+00  0.000E+00  0.000E+00  0.000E+00
  20   0.000E+00  0.000E+00  0.000E+00  0.000E+00  0.000E+00  0.000E+00  0.000E+00  0.000E+00  0.000E+00  0.000E+00  0.000E+00
  21   0.000E+00  0.000E+00  0.000E+00  0.000E+00  0.000E+00  0.000E+00  0.000E+00  0.000E+00  0.000E+00  0.000E+00  0.000E+00
  22   0.000E+00  0.000E+00  0.000E+00  0.000E+00  0.000E+00  0.000E+00  0.000E+00  0.000E+00  0.000E+00  0.000E+00  0.000E+00
  23   0.000E+00  0.000E+00  0.000E+00  0.000E+00  0.000E+00  0.000E+00  0.000E+00  0.000E+00  0.000E+00  0.000E+00  0.000E+00
  24   0.000E+00  0.000E+00  0.000E+00  0.000E+00  0.000E+00  0.000E+00  0.000E+00  0.000E+00  0.000E+00  0.000E+00  0.000E+00
  25   0.000E+00  0.000E+00  0.000E+00  0.000E+00  0.000E+00  0.000E+00  0.000E+00  0.000E+00  0.000E+00  0.000E+00  0.000E+00
  26   0.000E+00  0.000E+00  0.000E+00  0.000E+00  0.000E+00  0.000E+00  0.000E+00  0.000E+00  0.000E+00  0.000E+00  0.000E+00
  27   0.000E+00  0.000E+00  0.000E+00  0.000E+00  0.000E+00  0.000E+00  0.000E+00  0.000E+00  0.000E+00  0.000E+00  0.000E+00
  28   0.000E+00  0.000E+00  0.000E+00  0.000E+00  0.000E+00  0.000E+00  0.000E+00  0.000E+00  0.000E+00  0.000E+00  0.000E+00
  29   0.000E+00  0.000E+00  0.000E+00  0.000E+00  0.000E+00  0.000E+00  0.000E+00  0.000E+00  0.000E+00  0.000E+00  0.000E+00
  30   0.000E+00  0.000E+00  0.000E+00  0.000E+00  0.000E+00  0.000E+00  0.000E+00  0.000E+00  0.000E+00  0.000E+00  0.000E+00
  31   0.000E+00  0.000E+00  0.000E+00  0.000E+00  0.000E+00  0.000E+00  0.000E+00  0.000E+00  0.000E+00  0.000E+00  0.000E+00
  32   0.000E+00  0.000E+00  0.000E+00  0.000E+00  0.000E+00  0.000E+00  0.000E+00  0.000E+00  0.000E+00  0.000E+00  0.000E+00
  33   0.000E+00  0.000E+00  0.000E+00  0.000E+00  0.000E+00  0.000E+00  0.000E+00  0.000E+00  0.000E+00  0.000E+00  0.000E+00
  34   0.000E+00  0.000E+00  0.000E+00  0.000E+00  0.000E+00  0.000E+00  0.000E+00  0.000E+00  0.000E+00  0.000E+00  0.000E+00
  35   0.000E+00  0.000E+00  0.000E+00  0.000E+00  0.000E+00  0.000E+00  0.000E+00  0.000E+00  0.000E+00  0.000E+00  0.000E+00
  36   0.000E+00  0.000E+00  0.000E+00  0.000E+00  0.000E+00  0.000E+00  0.000E+00  0.000E+00  0.000E+00  0.000E+00  0.000E+00
  37   0.000E+00  0.000E+00  0.000E+00  0.000E+00  0.000E+00  0.000E+00  0.000E+00  0.000E+00  0.000E+00  0.000E+00  0.000E+00
  38   0.000E+00  0.000E+00  0.000E+00  0.000E+00  0.000E+00  0.000E+00  0.000E+00  0.000E+00  0.000E+00  0.000E+00  0.000E+00
  39   0.000E+00  0.000E+00  0.000E+00  0.000E+00  0.000E+00  0.000E+00  0.000E+00  0.000E+00  0.000E+00  0.000E+00  0.000E+00
  40   0.000E+00  0.000E+00  0.000E+00  0.000E+00  0.000E+00  0.000E+00  0.000E+00  0.000E+00  0.000E+00  0.000E+00  0.000E+00
  41   0.000E+00  0.000E+00  0.000E+00  0.000E+00  0.000E+00  0.000E+00  0.000E+00  0.000E+00  0.000E+00  0.000E+00  0.000E+00
  42   0.000E+00  0.000E+00  0.000E+00  0.000E+00  0.000E+00  0.000E+00  0.000E+00  0.000E+00  0.000E+00  0.000E+00  0.000E+00
  43   0.000E+00  0.000E+00  0.000E+00  0.000E+00  0.000E+00  0.000E+00  0.000E+00  0.000E+00  0.000E+00  0.000E+00  0.000E+00
