PROGRAM:                CITVAP v3.9.01 (07-DEC-2013) CAREM release
Licensed to:            pablo octaviano <pablok_08@hotmail.com> DIFRA -CAB -CNEA on Windows.
Program file:           D:\TWINGL\pre_cit.exe  (crc 0)
Input   file:           D:\TWINGL\twiglS.cii  (crc 0)
Running on machine:     KALI-6
Working directory:      D:\TWINGL
User name:              CNEA
Date/Time:              20/11/2019 at 12:26:44
       Reading file: twigl_full.sc4 -> D:\TWINGL\twigl_full.sc4
       Reading file: twigl_full.sc5 -> D:\TWINGL\twigl_full.sc5
       Reading file: twigl.mat -> D:\TWINGL\twigl.mat
       HXS Library: twigl.bib -> D:\TWINGL\twigl.bib
       Reading file: twigl.sc26 -> D:\TWINGL\twigl.sc26
  END Pre-Processing
Program file:           D:\TWINGL\citvap0.exe  (crc 0)
Running on machine:     KALI-6
Date/Time:              20/11/2019 at 12:26:44

              ********* THIS JOB WAS RUN ON  11/20/19  ON THE i386/486 BASED PC *********





 TWIGL BENCHMARK                                                         
  benchmark numerico                              ***** TIME=   0.00 DAYS



 GENERAL CONTROL INPUT - SECTION 001

    0   0   1   0   0   1   1   0   0  -5   0   0   0   0   0   0   0   0   1   0   0   0   0   0
    0   0   0   0   0   0   0   0   1   0   0   1   1   0   0   0   0   0   0   0   0   0   0   0
  900 100  10   2   3   0   0   0   0   0   0   0   0   0   0   0   0   0 999 999 999 999 999 999
   1.500000E+00  5.000000E-01  1.000000E+10  1.000000E+24  0.000000E+00  1.000000E+00



 NEUTRON FLUX PROBLEM DESCRIPTION - SECTION 003

    0   0   0   0   6   0   0   0   0   0   0   0   0   0   0   0     10   0   0   0   0   0   0   0
   1.000000E-08  1.000000E-05  1.000000E-04  1.000000E-04  1.000000E-04  0.000000E+00
   0.000000E+00  0.000000E+00  1.000000E+00  1.000000E+00  1.000000E+00  0.000000E+00



 LEFT,TOP,RIGHT,BOTTOM,FRONT,BACK BOUNDARY CONDITIONS ARE
   4.692000E-01  4.692000E-01  4.692000E-01  4.692000E-01  4.692000E-01  4.692000E-01

 

 ROD BND. CONSTANT FOR ALL GROUPS IN ZONE     10  IS  4.692000E-01

  TWO DIMENSIONAL SLAB GEOMETRY (X,Y)  WIDTH  1.920000E+02  HEIGHT  1.920000E+02



  REGION SPECIFICATIONS
    PTS  REGION WIDTH
      1  4.000000E+00     1  4.000000E+00     1  4.000000E+00     1  4.000000E+00     1  4.000000E+00     1  4.000000E+00
      1  4.000000E+00     1  4.000000E+00     1  4.000000E+00     1  4.000000E+00     1  4.000000E+00     1  4.000000E+00
      1  4.000000E+00     1  4.000000E+00     1  4.000000E+00     1  4.000000E+00     1  4.000000E+00     1  4.000000E+00
      1  4.000000E+00     1  4.000000E+00     1  4.000000E+00     1  4.000000E+00     1  4.000000E+00     1  4.000000E+00
      1  4.000000E+00     1  4.000000E+00     1  4.000000E+00     1  4.000000E+00     1  4.000000E+00     1  4.000000E+00
      1  4.000000E+00     1  4.000000E+00     1  4.000000E+00     1  4.000000E+00     1  4.000000E+00     1  4.000000E+00
      1  4.000000E+00     1  4.000000E+00     1  4.000000E+00     1  4.000000E+00     1  4.000000E+00     1  4.000000E+00
      1  4.000000E+00     1  4.000000E+00     1  4.000000E+00     1  4.000000E+00     1  4.000000E+00     1  4.000000E+00

    PTS  REGION HEIGHT
      1  4.000000E+00     1  4.000000E+00     1  4.000000E+00     1  4.000000E+00     1  4.000000E+00     1  4.000000E+00
      1  4.000000E+00     1  4.000000E+00     1  4.000000E+00     1  4.000000E+00     1  4.000000E+00     1  4.000000E+00
      1  4.000000E+00     1  4.000000E+00     1  4.000000E+00     1  4.000000E+00     1  4.000000E+00     1  4.000000E+00
      1  4.000000E+00     1  4.000000E+00     1  4.000000E+00     1  4.000000E+00     1  4.000000E+00     1  4.000000E+00
      1  4.000000E+00     1  4.000000E+00     1  4.000000E+00     1  4.000000E+00     1  4.000000E+00     1  4.000000E+00
      1  4.000000E+00     1  4.000000E+00     1  4.000000E+00     1  4.000000E+00     1  4.000000E+00     1  4.000000E+00
      1  4.000000E+00     1  4.000000E+00     1  4.000000E+00     1  4.000000E+00     1  4.000000E+00     1  4.000000E+00
      1  4.000000E+00     1  4.000000E+00     1  4.000000E+00     1  4.000000E+00     1  4.000000E+00     1  4.000000E+00

  X-DIR. POINTS  48         Y-DIR. POINTS  48

  DISTANCES TO MESH INTERVAL INTERFACES

     J   DIST.
     2   4.000    3   8.000    4  12.000    5  16.000    6  20.000    7  24.000    8  28.000    9  32.000   10  36.000
    11  40.000   12  44.000   13  48.000   14  52.000   15  56.000   16  60.000   17  64.000   18  68.000   19  72.000
    20  76.000   21  80.000   22  84.000   23  88.000   24  92.000   25  96.000   26 100.000   27 104.000   28 108.000
    29 112.000   30 116.000   31 120.000   32 124.000   33 128.000   34 132.000   35 136.000   36 140.000   37 144.000
    38 148.000   39 152.000   40 156.000   41 160.000   42 164.000   43 168.000   44 172.000   45 176.000   46 180.000
    47 184.000   48 188.000   49 192.000

     I   DIST.
     2   4.000    3   8.000    4  12.000    5  16.000    6  20.000    7  24.000    8  28.000    9  32.000   10  36.000
    11  40.000   12  44.000   13  48.000   14  52.000   15  56.000   16  60.000   17  64.000   18  68.000   19  72.000
    20  76.000   21  80.000   22  84.000   23  88.000   24  92.000   25  96.000   26 100.000   27 104.000   28 108.000
    29 112.000   30 116.000   31 120.000   32 124.000   33 128.000   34 132.000   35 136.000   36 140.000   37 144.000
    38 148.000   39 152.000   40 156.000   41 160.000   42 164.000   43 168.000   44 172.000   45 176.000   46 180.000
    47 184.000   48 188.000   49 192.000

  DISTANCES TO FLUX POINTS

     J   DIST.
     1   2.000    2   6.000    3  10.000    4  14.000    5  18.000    6  22.000    7  26.000    8  30.000    9  34.000
    10  38.000   11  42.000   12  46.000   13  50.000   14  54.000   15  58.000   16  62.000   17  66.000   18  70.000
    19  74.000   20  78.000   21  82.000   22  86.000   23  90.000   24  94.000   25  98.000   26 102.000   27 106.000
    28 110.000   29 114.000   30 118.000   31 122.000   32 126.000   33 130.000   34 134.000   35 138.000   36 142.000
    37 146.000   38 150.000   39 154.000   40 158.000   41 162.000   42 166.000   43 170.000   44 174.000   45 178.000
    46 182.000   47 186.000   48 190.000

     I   DIST.
     1   2.000    2   6.000    3  10.000    4  14.000    5  18.000    6  22.000    7  26.000    8  30.000    9  34.000
    10  38.000   11  42.000   12  46.000   13  50.000   14  54.000   15  58.000   16  62.000   17  66.000   18  70.000
    19  74.000   20  78.000   21  82.000   22  86.000   23  90.000   24  94.000   25  98.000   26 102.000   27 106.000
    28 110.000   29 114.000   30 118.000   31 122.000   32 126.000   33 130.000   34 134.000   35 138.000   36 142.000
    37 146.000   38 150.000   39 154.000   40 158.000   41 162.000   42 166.000   43 170.000   44 174.000   45 178.000
    46 182.000   47 186.000   48 190.000

 

 FISSION SOURCE DISTRIBUTION AND SUM  1.00000  0.00000  1.00000

 

 FIXED SOURCE INPUT SECTION 026

 POINT NEUTRON SOURCE(N/SEC) FOR GROUP    1

          1          2          3          4          5          6          7          8          9         10         11
   1   0.000E+00  0.000E+00  0.000E+00  0.000E+00  0.000E+00  0.000E+00  0.000E+00  0.000E+00  0.000E+00  0.000E+00  0.000E+00
   2   0.000E+00  0.000E+00  0.000E+00  0.000E+00  0.000E+00  0.000E+00  0.000E+00  0.000E+00  0.000E+00  0.000E+00  0.000E+00
   3   0.000E+00  0.000E+00  0.000E+00  0.000E+00  0.000E+00  0.000E+00  0.000E+00  0.000E+00  0.000E+00  0.000E+00  0.000E+00
   4   0.000E+00  0.000E+00  0.000E+00  0.000E+00  0.000E+00  0.000E+00  0.000E+00  0.000E+00  0.000E+00  0.000E+00  0.000E+00
   5   0.000E+00  0.000E+00  0.000E+00  0.000E+00  6.977E+11  1.303E+12  1.923E+12  2.556E+12  3.199E+12  3.849E+12  4.493E+12
   6   0.000E+00  0.000E+00  0.000E+00  0.000E+00  1.303E+12  2.437E+12  3.599E+12  4.790E+12  6.006E+12  7.235E+12  8.458E+12
   7   0.000E+00  0.000E+00  0.000E+00  0.000E+00  1.923E+12  3.599E+12  5.324E+12  7.100E+12  8.925E+12  1.078E+13  1.264E+13
   8   0.000E+00  0.000E+00  0.000E+00  0.000E+00  2.556E+12  4.790E+12  7.100E+12  9.497E+12  1.198E+13  1.454E+13  1.711E+13
   9   0.000E+00  0.000E+00  0.000E+00  0.000E+00  3.199E+12  6.006E+12  8.925E+12  1.198E+13  1.520E+13  1.858E+13  2.204E+13
  10   0.000E+00  0.000E+00  0.000E+00  0.000E+00  3.849E+12  7.235E+12  1.078E+13  1.454E+13  1.858E+13  2.296E+13  2.770E+13
  11   0.000E+00  0.000E+00  0.000E+00  0.000E+00  4.493E+12  8.458E+12  1.264E+13  1.711E+13  2.204E+13  2.770E+13  3.520E+13
  12   0.000E+00  0.000E+00  0.000E+00  0.000E+00  5.119E+12  9.648E+12  1.444E+13  1.961E+13  2.536E+13  3.206E+13  4.086E+13
  13   0.000E+00  0.000E+00  0.000E+00  0.000E+00  5.717E+12  1.078E+13  1.615E+13  2.197E+13  2.846E+13  3.605E+13  4.600E+13
  14   0.000E+00  0.000E+00  0.000E+00  0.000E+00  6.275E+12  1.184E+13  1.774E+13  2.415E+13  3.131E+13  3.968E+13  5.062E+13
  15   0.000E+00  0.000E+00  0.000E+00  0.000E+00  6.785E+12  1.280E+13  1.919E+13  2.612E+13  3.387E+13  4.291E+13  5.472E+13
  16   0.000E+00  0.000E+00  0.000E+00  0.000E+00  7.243E+12  1.366E+13  2.048E+13  2.788E+13  3.612E+13  4.574E+13  5.829E+13
  17   0.000E+00  0.000E+00  0.000E+00  0.000E+00  7.647E+12  1.442E+13  2.161E+13  2.940E+13  3.808E+13  4.818E+13  6.132E+13
  18   0.000E+00  0.000E+00  0.000E+00  0.000E+00  7.994E+12  1.507E+13  2.258E+13  3.071E+13  3.974E+13  5.023E+13  6.386E+13
  19   0.000E+00  0.000E+00  0.000E+00  0.000E+00  8.287E+12  1.562E+13  2.340E+13  3.179E+13  4.111E+13  5.191E+13  6.592E+13
  20   0.000E+00  0.000E+00  0.000E+00  0.000E+00  8.526E+12  1.607E+13  2.406E+13  3.267E+13  4.222E+13  5.326E+13  6.755E+13
  21   0.000E+00  0.000E+00  0.000E+00  0.000E+00  8.713E+12  1.642E+13  2.457E+13  3.336E+13  4.307E+13  5.429E+13  6.879E+13
  22   0.000E+00  0.000E+00  0.000E+00  0.000E+00  8.851E+12  1.668E+13  2.495E+13  3.386E+13  4.370E+13  5.504E+13  6.969E+13
  23   0.000E+00  0.000E+00  0.000E+00  0.000E+00  8.942E+12  1.685E+13  2.520E+13  3.418E+13  4.410E+13  5.553E+13  7.026E+13
  24   0.000E+00  0.000E+00  0.000E+00  0.000E+00  8.987E+12  1.693E+13  2.532E+13  3.435E+13  4.430E+13  5.577E+13  7.054E+13
  25   0.000E+00  0.000E+00  0.000E+00  0.000E+00  8.987E+12  1.693E+13  2.532E+13  3.435E+13  4.430E+13  5.577E+13  7.054E+13
  26   0.000E+00  0.000E+00  0.000E+00  0.000E+00  8.942E+12  1.685E+13  2.520E+13  3.418E+13  4.410E+13  5.553E+13  7.026E+13
  27   0.000E+00  0.000E+00  0.000E+00  0.000E+00  8.851E+12  1.668E+13  2.495E+13  3.386E+13  4.370E+13  5.504E+13  6.969E+13
  28   0.000E+00  0.000E+00  0.000E+00  0.000E+00  8.713E+12  1.642E+13  2.457E+13  3.336E+13  4.307E+13  5.429E+13  6.879E+13
  29   0.000E+00  0.000E+00  0.000E+00  0.000E+00  8.526E+12  1.607E+13  2.406E+13  3.267E+13  4.222E+13  5.326E+13  6.755E+13
  30   0.000E+00  0.000E+00  0.000E+00  0.000E+00  8.287E+12  1.562E+13  2.340E+13  3.179E+13  4.111E+13  5.191E+13  6.592E+13
  31   0.000E+00  0.000E+00  0.000E+00  0.000E+00  7.994E+12  1.507E+13  2.258E+13  3.071E+13  3.974E+13  5.023E+13  6.386E+13
  32   0.000E+00  0.000E+00  0.000E+00  0.000E+00  7.647E+12  1.442E+13  2.161E+13  2.940E+13  3.808E+13  4.818E+13  6.132E+13
  33   0.000E+00  0.000E+00  0.000E+00  0.000E+00  7.243E+12  1.366E+13  2.048E+13  2.788E+13  3.612E+13  4.574E+13  5.829E+13
  34   0.000E+00  0.000E+00  0.000E+00  0.000E+00  6.785E+12  1.280E+13  1.919E+13  2.612E+13  3.387E+13  4.291E+13  5.472E+13
  35   0.000E+00  0.000E+00  0.000E+00  0.000E+00  6.275E+12  1.184E+13  1.774E+13  2.415E+13  3.131E+13  3.968E+13  5.062E+13
  36   0.000E+00  0.000E+00  0.000E+00  0.000E+00  5.717E+12  1.078E+13  1.615E+13  2.197E+13  2.846E+13  3.605E+13  4.600E+13
  37   0.000E+00  0.000E+00  0.000E+00  0.000E+00  5.119E+12  9.648E+12  1.444E+13  1.961E+13  2.536E+13  3.206E+13  4.086E+13
  38   0.000E+00  0.000E+00  0.000E+00  0.000E+00  4.493E+12  8.458E+12  1.264E+13  1.711E+13  2.204E+13  2.770E+13  3.520E+13
  39   0.000E+00  0.000E+00  0.000E+00  0.000E+00  3.849E+12  7.235E+12  1.078E+13  1.454E+13  1.858E+13  2.296E+13  2.770E+13
  40   0.000E+00  0.000E+00  0.000E+00  0.000E+00  3.199E+12  6.006E+12  8.925E+12  1.198E+13  1.520E+13  1.858E+13  2.204E+13
  41   0.000E+00  0.000E+00  0.000E+00  0.000E+00  2.556E+12  4.790E+12  7.100E+12  9.497E+12  1.198E+13  1.454E+13  1.711E+13
  42   0.000E+00  0.000E+00  0.000E+00  0.000E+00  1.923E+12  3.599E+12  5.324E+12  7.100E+12  8.925E+12  1.078E+13  1.264E+13
  43   0.000E+00  0.000E+00  0.000E+00  0.000E+00  1.303E+12  2.437E+12  3.599E+12  4.790E+12  6.006E+12  7.235E+12  8.458E+12
  44   0.000E+00  0.000E+00  0.000E+00  0.000E+00  6.977E+11  1.303E+12  1.923E+12  2.556E+12  3.199E+12  3.849E+12  4.493E+12
  45   0.000E+00  0.000E+00  0.000E+00  0.000E+00  0.000E+00  0.000E+00  0.000E+00  0.000E+00  0.000E+00  0.000E+00  0.000E+00
  46   0.000E+00  0.000E+00  0.000E+00  0.000E+00  0.000E+00  0.000E+00  0.000E+00  0.000E+00  0.000E+00  0.000E+00  0.000E+00
  47   0.000E+00  0.000E+00  0.000E+00  0.000E+00  0.000E+00  0.000E+00  0.000E+00  0.000E+00  0.000E+00  0.000E+00  0.000E+00
  48   0.000E+00  0.000E+00  0.000E+00  0.000E+00  0.000E+00  0.000E+00  0.000E+00  0.000E+00  0.000E+00  0.000E+00  0.000E+00

         12         13         14         15         16         17         18         19         20         21         22
   1   0.000E+00  0.000E+00  0.000E+00  0.000E+00  0.000E+00  0.000E+00  0.000E+00  0.000E+00  0.000E+00  0.000E+00  0.000E+00
   2   0.000E+00  0.000E+00  0.000E+00  0.000E+00  0.000E+00  0.000E+00  0.000E+00  0.000E+00  0.000E+00  0.000E+00  0.000E+00
   3   0.000E+00  0.000E+00  0.000E+00  0.000E+00  0.000E+00  0.000E+00  0.000E+00  0.000E+00  0.000E+00  0.000E+00  0.000E+00
   4   0.000E+00  0.000E+00  0.000E+00  0.000E+00  0.000E+00  0.000E+00  0.000E+00  0.000E+00  0.000E+00  0.000E+00  0.000E+00
   5   5.119E+12  5.717E+12  6.275E+12  6.785E+12  7.243E+12  7.647E+12  7.994E+12  8.287E+12  8.526E+12  8.713E+12  8.851E+12
   6   9.648E+12  1.078E+13  1.184E+13  1.280E+13  1.366E+13  1.442E+13  1.507E+13  1.562E+13  1.607E+13  1.642E+13  1.668E+13
   7   1.444E+13  1.615E+13  1.774E+13  1.919E+13  2.048E+13  2.161E+13  2.258E+13  2.340E+13  2.406E+13  2.457E+13  2.495E+13
   8   1.961E+13  2.197E+13  2.415E+13  2.612E+13  2.788E+13  2.940E+13  3.071E+13  3.179E+13  3.267E+13  3.336E+13  3.386E+13
   9   2.536E+13  2.846E+13  3.131E+13  3.387E+13  3.612E+13  3.808E+13  3.974E+13  4.111E+13  4.222E+13  4.307E+13  4.370E+13
  10   3.206E+13  3.605E+13  3.968E+13  4.291E+13  4.574E+13  4.818E+13  5.023E+13  5.191E+13  5.326E+13  5.429E+13  5.504E+13
  11   4.086E+13  4.600E+13  5.062E+13  5.472E+13  5.829E+13  6.132E+13  6.386E+13  6.592E+13  6.755E+13  6.879E+13  6.969E+13
  12   4.751E+13  5.350E+13  5.885E+13  6.356E+13  6.762E+13  7.104E+13  7.385E+13  7.612E+13  7.789E+13  7.922E+13  8.017E+13
  13   5.350E+13  6.022E+13  6.618E+13  7.138E+13  7.581E+13  7.949E+13  8.247E+13  8.482E+13  8.663E+13  8.796E+13  8.889E+13
  14   5.885E+13  6.618E+13  7.264E+13  7.821E+13  8.287E+13  8.668E+13  8.968E+13  9.198E+13  9.369E+13  9.491E+13  9.575E+13
  15   6.356E+13  7.138E+13  7.821E+13  8.400E+13  8.876E+13  9.252E+13  9.537E+13  9.745E+13  9.891E+13  9.992E+13  1.006E+14
  16   6.762E+13  7.581E+13  8.287E+13  8.876E+13  9.346E+13  9.700E+13  9.950E+13  1.011E+14  1.022E+14  1.028E+14  1.032E+14
  17   7.104E+13  7.949E+13  8.668E+13  9.252E+13  9.700E+13  1.001E+14  1.020E+14  1.029E+14  1.033E+14  1.034E+14  1.034E+14
  18   7.385E+13  8.247E+13  8.968E+13  9.537E+13  9.950E+13  1.020E+14  1.030E+14  1.025E+14  1.019E+14  1.013E+14  1.008E+14
  19   7.612E+13  8.482E+13  9.198E+13  9.745E+13  1.011E+14  1.029E+14  1.025E+14  9.622E+13  9.376E+13  9.230E+13  9.135E+13
  20   7.789E+13  8.663E+13  9.369E+13  9.891E+13  1.022E+14  1.033E+14  1.019E+14  9.376E+13  9.010E+13  8.789E+13  8.646E+13
  21   7.922E+13  8.796E+13  9.491E+13  9.992E+13  1.028E+14  1.034E+14  1.013E+14  9.230E+13  8.789E+13  8.513E+13  8.333E+13
  22   8.017E+13  8.889E+13  9.575E+13  1.006E+14  1.032E+14  1.034E+14  1.008E+14  9.135E+13  8.646E+13  8.333E+13  8.126E+13
  23   8.078E+13  8.948E+13  9.627E+13  1.010E+14  1.034E+14  1.033E+14  1.005E+14  9.075E+13  8.559E+13  8.223E+13  7.998E+13
  24   8.107E+13  8.977E+13  9.653E+13  1.012E+14  1.035E+14  1.033E+14  1.003E+14  9.046E+13  8.517E+13  8.169E+13  7.936E+13
  25   8.107E+13  8.977E+13  9.653E+13  1.012E+14  1.035E+14  1.033E+14  1.003E+14  9.046E+13  8.517E+13  8.169E+13  7.936E+13
  26   8.078E+13  8.948E+13  9.627E+13  1.010E+14  1.034E+14  1.033E+14  1.005E+14  9.075E+13  8.559E+13  8.223E+13  7.998E+13
  27   8.017E+13  8.889E+13  9.575E+13  1.006E+14  1.032E+14  1.034E+14  1.008E+14  9.135E+13  8.646E+13  8.333E+13  8.126E+13
  28   7.922E+13  8.796E+13  9.491E+13  9.992E+13  1.028E+14  1.034E+14  1.013E+14  9.230E+13  8.789E+13  8.513E+13  8.333E+13
  29   7.789E+13  8.663E+13  9.369E+13  9.891E+13  1.022E+14  1.033E+14  1.019E+14  9.376E+13  9.010E+13  8.789E+13  8.646E+13
  30   7.612E+13  8.482E+13  9.198E+13  9.745E+13  1.011E+14  1.029E+14  1.025E+14  9.622E+13  9.376E+13  9.230E+13  9.135E+13
  31   7.385E+13  8.247E+13  8.968E+13  9.537E+13  9.950E+13  1.020E+14  1.030E+14  1.025E+14  1.019E+14  1.013E+14  1.008E+14
  32   7.104E+13  7.949E+13  8.668E+13  9.252E+13  9.700E+13  1.001E+14  1.020E+14  1.029E+14  1.033E+14  1.034E+14  1.034E+14
  33   6.762E+13  7.581E+13  8.287E+13  8.876E+13  9.346E+13  9.700E+13  9.950E+13  1.011E+14  1.022E+14  1.028E+14  1.032E+14
  34   6.356E+13  7.138E+13  7.821E+13  8.400E+13  8.876E+13  9.252E+13  9.537E+13  9.745E+13  9.891E+13  9.992E+13  1.006E+14
  35   5.885E+13  6.618E+13  7.264E+13  7.821E+13  8.287E+13  8.668E+13  8.968E+13  9.198E+13  9.369E+13  9.491E+13  9.575E+13
  36   5.350E+13  6.022E+13  6.618E+13  7.138E+13  7.581E+13  7.949E+13  8.247E+13  8.482E+13  8.663E+13  8.796E+13  8.889E+13
  37   4.751E+13  5.350E+13  5.885E+13  6.356E+13  6.762E+13  7.104E+13  7.385E+13  7.612E+13  7.789E+13  7.922E+13  8.017E+13
  38   4.086E+13  4.600E+13  5.062E+13  5.472E+13  5.829E+13  6.132E+13  6.386E+13  6.592E+13  6.755E+13  6.879E+13  6.969E+13
  39   3.206E+13  3.605E+13  3.968E+13  4.291E+13  4.574E+13  4.818E+13  5.023E+13  5.191E+13  5.326E+13  5.429E+13  5.504E+13
  40   2.536E+13  2.846E+13  3.131E+13  3.387E+13  3.612E+13  3.808E+13  3.974E+13  4.111E+13  4.222E+13  4.307E+13  4.370E+13
  41   1.961E+13  2.197E+13  2.415E+13  2.612E+13  2.788E+13  2.940E+13  3.071E+13  3.179E+13  3.267E+13  3.336E+13  3.386E+13
  42   1.444E+13  1.615E+13  1.774E+13  1.919E+13  2.048E+13  2.161E+13  2.258E+13  2.340E+13  2.406E+13  2.457E+13  2.495E+13
  43   9.648E+12  1.078E+13  1.184E+13  1.280E+13  1.366E+13  1.442E+13  1.507E+13  1.562E+13  1.607E+13  1.642E+13  1.668E+13
  44   5.119E+12  5.717E+12  6.275E+12  6.785E+12  7.243E+12  7.647E+12  7.994E+12  8.287E+12  8.526E+12  8.713E+12  8.851E+12
  45   0.000E+00  0.000E+00  0.000E+00  0.000E+00  0.000E+00  0.000E+00  0.000E+00  0.000E+00  0.000E+00  0.000E+00  0.000E+00
  46   0.000E+00  0.000E+00  0.000E+00  0.000E+00  0.000E+00  0.000E+00  0.000E+00  0.000E+00  0.000E+00  0.000E+00  0.000E+00
  47   0.000E+00  0.000E+00  0.000E+00  0.000E+00  0.000E+00  0.000E+00  0.000E+00  0.000E+00  0.000E+00  0.000E+00  0.000E+00
  48   0.000E+00  0.000E+00  0.000E+00  0.000E+00  0.000E+00  0.000E+00  0.000E+00  0.000E+00  0.000E+00  0.000E+00  0.000E+00

         23         24         25         26         27         28         29         30         31         32         33
   1   0.000E+00  0.000E+00  0.000E+00  0.000E+00  0.000E+00  0.000E+00  0.000E+00  0.000E+00  0.000E+00  0.000E+00  0.000E+00
   2   0.000E+00  0.000E+00  0.000E+00  0.000E+00  0.000E+00  0.000E+00  0.000E+00  0.000E+00  0.000E+00  0.000E+00  0.000E+00
   3   0.000E+00  0.000E+00  0.000E+00  0.000E+00  0.000E+00  0.000E+00  0.000E+00  0.000E+00  0.000E+00  0.000E+00  0.000E+00
   4   0.000E+00  0.000E+00  0.000E+00  0.000E+00  0.000E+00  0.000E+00  0.000E+00  0.000E+00  0.000E+00  0.000E+00  0.000E+00
   5   8.942E+12  8.987E+12  8.987E+12  8.942E+12  8.851E+12  8.713E+12  8.526E+12  8.287E+12  7.994E+12  7.647E+12  7.243E+12
   6   1.685E+13  1.693E+13  1.693E+13  1.685E+13  1.668E+13  1.642E+13  1.607E+13  1.562E+13  1.507E+13  1.442E+13  1.366E+13
   7   2.520E+13  2.532E+13  2.532E+13  2.520E+13  2.495E+13  2.457E+13  2.406E+13  2.340E+13  2.258E+13  2.161E+13  2.048E+13
   8   3.418E+13  3.435E+13  3.435E+13  3.418E+13  3.386E+13  3.336E+13  3.267E+13  3.179E+13  3.071E+13  2.940E+13  2.788E+13
   9   4.410E+13  4.430E+13  4.430E+13  4.410E+13  4.370E+13  4.307E+13  4.222E+13  4.111E+13  3.974E+13  3.808E+13  3.612E+13
  10   5.553E+13  5.577E+13  5.577E+13  5.553E+13  5.504E+13  5.429E+13  5.326E+13  5.191E+13  5.023E+13  4.818E+13  4.574E+13
  11   7.026E+13  7.054E+13  7.054E+13  7.026E+13  6.969E+13  6.879E+13  6.755E+13  6.592E+13  6.386E+13  6.132E+13  5.829E+13
  12   8.078E+13  8.107E+13  8.107E+13  8.078E+13  8.017E+13  7.922E+13  7.789E+13  7.612E+13  7.385E+13  7.104E+13  6.762E+13
  13   8.948E+13  8.977E+13  8.977E+13  8.948E+13  8.889E+13  8.796E+13  8.663E+13  8.482E+13  8.247E+13  7.949E+13  7.581E+13
  14   9.627E+13  9.653E+13  9.653E+13  9.627E+13  9.575E+13  9.491E+13  9.369E+13  9.198E+13  8.968E+13  8.668E+13  8.287E+13
  15   1.010E+14  1.012E+14  1.012E+14  1.010E+14  1.006E+14  9.992E+13  9.891E+13  9.745E+13  9.537E+13  9.252E+13  8.876E+13
  16   1.034E+14  1.035E+14  1.035E+14  1.034E+14  1.032E+14  1.028E+14  1.022E+14  1.011E+14  9.950E+13  9.700E+13  9.346E+13
  17   1.033E+14  1.033E+14  1.033E+14  1.033E+14  1.034E+14  1.034E+14  1.033E+14  1.029E+14  1.020E+14  1.001E+14  9.700E+13
  18   1.005E+14  1.003E+14  1.003E+14  1.005E+14  1.008E+14  1.013E+14  1.019E+14  1.025E+14  1.030E+14  1.020E+14  9.950E+13
  19   9.075E+13  9.046E+13  9.046E+13  9.075E+13  9.135E+13  9.230E+13  9.376E+13  9.622E+13  1.025E+14  1.029E+14  1.011E+14
  20   8.559E+13  8.517E+13  8.517E+13  8.559E+13  8.646E+13  8.789E+13  9.010E+13  9.376E+13  1.019E+14  1.033E+14  1.022E+14
  21   8.223E+13  8.169E+13  8.169E+13  8.223E+13  8.333E+13  8.513E+13  8.789E+13  9.230E+13  1.013E+14  1.034E+14  1.028E+14
  22   7.998E+13  7.936E+13  7.936E+13  7.998E+13  8.126E+13  8.333E+13  8.646E+13  9.135E+13  1.008E+14  1.034E+14  1.032E+14
  23   7.858E+13  7.791E+13  7.791E+13  7.858E+13  7.998E+13  8.223E+13  8.559E+13  9.075E+13  1.005E+14  1.033E+14  1.034E+14
  24   7.791E+13  7.721E+13  7.721E+13  7.791E+13  7.936E+13  8.169E+13  8.517E+13  9.046E+13  1.003E+14  1.033E+14  1.035E+14
  25   7.791E+13  7.721E+13  7.721E+13  7.791E+13  7.936E+13  8.169E+13  8.517E+13  9.046E+13  1.003E+14  1.033E+14  1.035E+14
  26   7.858E+13  7.791E+13  7.791E+13  7.858E+13  7.998E+13  8.223E+13  8.559E+13  9.075E+13  1.005E+14  1.033E+14  1.034E+14
  27   7.998E+13  7.936E+13  7.936E+13  7.998E+13  8.126E+13  8.333E+13  8.646E+13  9.135E+13  1.008E+14  1.034E+14  1.032E+14
  28   8.223E+13  8.169E+13  8.169E+13  8.223E+13  8.333E+13  8.513E+13  8.789E+13  9.230E+13  1.013E+14  1.034E+14  1.028E+14
  29   8.559E+13  8.517E+13  8.517E+13  8.559E+13  8.646E+13  8.789E+13  9.010E+13  9.376E+13  1.019E+14  1.033E+14  1.022E+14
  30   9.075E+13  9.046E+13  9.046E+13  9.075E+13  9.135E+13  9.230E+13  9.376E+13  9.622E+13  1.025E+14  1.029E+14  1.011E+14
  31   1.005E+14  1.003E+14  1.003E+14  1.005E+14  1.008E+14  1.013E+14  1.019E+14  1.025E+14  1.030E+14  1.020E+14  9.950E+13
  32   1.033E+14  1.033E+14  1.033E+14  1.033E+14  1.034E+14  1.034E+14  1.033E+14  1.029E+14  1.020E+14  1.001E+14  9.700E+13
  33   1.034E+14  1.035E+14  1.035E+14  1.034E+14  1.032E+14  1.028E+14  1.022E+14  1.011E+14  9.950E+13  9.700E+13  9.346E+13
  34   1.010E+14  1.012E+14  1.012E+14  1.010E+14  1.006E+14  9.992E+13  9.891E+13  9.745E+13  9.537E+13  9.252E+13  8.876E+13
  35   9.627E+13  9.653E+13  9.653E+13  9.627E+13  9.575E+13  9.491E+13  9.369E+13  9.198E+13  8.968E+13  8.668E+13  8.287E+13
  36   8.948E+13  8.977E+13  8.977E+13  8.948E+13  8.889E+13  8.796E+13  8.663E+13  8.482E+13  8.247E+13  7.949E+13  7.581E+13
  37   8.078E+13  8.107E+13  8.107E+13  8.078E+13  8.017E+13  7.922E+13  7.789E+13  7.612E+13  7.385E+13  7.104E+13  6.762E+13
  38   7.026E+13  7.054E+13  7.054E+13  7.026E+13  6.969E+13  6.879E+13  6.755E+13  6.592E+13  6.386E+13  6.132E+13  5.829E+13
  39   5.553E+13  5.577E+13  5.577E+13  5.553E+13  5.504E+13  5.429E+13  5.326E+13  5.191E+13  5.023E+13  4.818E+13  4.574E+13
  40   4.410E+13  4.430E+13  4.430E+13  4.410E+13  4.370E+13  4.307E+13  4.222E+13  4.111E+13  3.974E+13  3.808E+13  3.612E+13
  41   3.418E+13  3.435E+13  3.435E+13  3.418E+13  3.386E+13  3.336E+13  3.267E+13  3.179E+13  3.071E+13  2.940E+13  2.788E+13
  42   2.520E+13  2.532E+13  2.532E+13  2.520E+13  2.495E+13  2.457E+13  2.406E+13  2.340E+13  2.258E+13  2.161E+13  2.048E+13
  43   1.685E+13  1.693E+13  1.693E+13  1.685E+13  1.668E+13  1.642E+13  1.607E+13  1.562E+13  1.507E+13  1.442E+13  1.366E+13
  44   8.942E+12  8.987E+12  8.987E+12  8.942E+12  8.851E+12  8.713E+12  8.526E+12  8.287E+12  7.994E+12  7.647E+12  7.243E+12
  45   0.000E+00  0.000E+00  0.000E+00  0.000E+00  0.000E+00  0.000E+00  0.000E+00  0.000E+00  0.000E+00  0.000E+00  0.000E+00
  46   0.000E+00  0.000E+00  0.000E+00  0.000E+00  0.000E+00  0.000E+00  0.000E+00  0.000E+00  0.000E+00  0.000E+00  0.000E+00
  47   0.000E+00  0.000E+00  0.000E+00  0.000E+00  0.000E+00  0.000E+00  0.000E+00  0.000E+00  0.000E+00  0.000E+00  0.000E+00
  48   0.000E+00  0.000E+00  0.000E+00  0.000E+00  0.000E+00  0.000E+00  0.000E+00  0.000E+00  0.000E+00  0.000E+00  0.000E+00

         34         35         36         37         38         39         40         41         42         43         44
   1   0.000E+00  0.000E+00  0.000E+00  0.000E+00  0.000E+00  0.000E+00  0.000E+00  0.000E+00  0.000E+00  0.000E+00  0.000E+00
   2   0.000E+00  0.000E+00  0.000E+00  0.000E+00  0.000E+00  0.000E+00  0.000E+00  0.000E+00  0.000E+00  0.000E+00  0.000E+00
   3   0.000E+00  0.000E+00  0.000E+00  0.000E+00  0.000E+00  0.000E+00  0.000E+00  0.000E+00  0.000E+00  0.000E+00  0.000E+00
   4   0.000E+00  0.000E+00  0.000E+00  0.000E+00  0.000E+00  0.000E+00  0.000E+00  0.000E+00  0.000E+00  0.000E+00  0.000E+00
   5   6.785E+12  6.275E+12  5.717E+12  5.119E+12  4.493E+12  3.849E+12  3.199E+12  2.556E+12  1.923E+12  1.303E+12  6.977E+11
   6   1.280E+13  1.184E+13  1.078E+13  9.648E+12  8.458E+12  7.235E+12  6.006E+12  4.790E+12  3.599E+12  2.437E+12  1.303E+12
   7   1.919E+13  1.774E+13  1.615E+13  1.444E+13  1.264E+13  1.078E+13  8.925E+12  7.100E+12  5.324E+12  3.599E+12  1.923E+12
   8   2.612E+13  2.415E+13  2.197E+13  1.961E+13  1.711E+13  1.454E+13  1.198E+13  9.497E+12  7.100E+12  4.790E+12  2.556E+12
   9   3.387E+13  3.131E+13  2.846E+13  2.536E+13  2.204E+13  1.858E+13  1.520E+13  1.198E+13  8.925E+12  6.006E+12  3.199E+12
  10   4.291E+13  3.968E+13  3.605E+13  3.206E+13  2.770E+13  2.296E+13  1.858E+13  1.454E+13  1.078E+13  7.235E+12  3.849E+12
  11   5.472E+13  5.062E+13  4.600E+13  4.086E+13  3.520E+13  2.770E+13  2.204E+13  1.711E+13  1.264E+13  8.458E+12  4.493E+12
  12   6.356E+13  5.885E+13  5.350E+13  4.751E+13  4.086E+13  3.206E+13  2.536E+13  1.961E+13  1.444E+13  9.648E+12  5.119E+12
  13   7.138E+13  6.618E+13  6.022E+13  5.350E+13  4.600E+13  3.605E+13  2.846E+13  2.197E+13  1.615E+13  1.078E+13  5.717E+12
  14   7.821E+13  7.264E+13  6.618E+13  5.885E+13  5.062E+13  3.968E+13  3.131E+13  2.415E+13  1.774E+13  1.184E+13  6.275E+12
  15   8.400E+13  7.821E+13  7.138E+13  6.356E+13  5.472E+13  4.291E+13  3.387E+13  2.612E+13  1.919E+13  1.280E+13  6.785E+12
  16   8.876E+13  8.287E+13  7.581E+13  6.762E+13  5.829E+13  4.574E+13  3.612E+13  2.788E+13  2.048E+13  1.366E+13  7.243E+12
  17   9.252E+13  8.668E+13  7.949E+13  7.104E+13  6.132E+13  4.818E+13  3.808E+13  2.940E+13  2.161E+13  1.442E+13  7.647E+12
  18   9.537E+13  8.968E+13  8.247E+13  7.385E+13  6.386E+13  5.023E+13  3.974E+13  3.071E+13  2.258E+13  1.507E+13  7.994E+12
  19   9.745E+13  9.198E+13  8.482E+13  7.612E+13  6.592E+13  5.191E+13  4.111E+13  3.179E+13  2.340E+13  1.562E+13  8.287E+12
  20   9.891E+13  9.369E+13  8.663E+13  7.789E+13  6.755E+13  5.326E+13  4.222E+13  3.267E+13  2.406E+13  1.607E+13  8.526E+12
  21   9.992E+13  9.491E+13  8.796E+13  7.922E+13  6.879E+13  5.429E+13  4.307E+13  3.336E+13  2.457E+13  1.642E+13  8.713E+12
  22   1.006E+14  9.575E+13  8.889E+13  8.017E+13  6.969E+13  5.504E+13  4.370E+13  3.386E+13  2.495E+13  1.668E+13  8.851E+12
  23   1.010E+14  9.627E+13  8.948E+13  8.078E+13  7.026E+13  5.553E+13  4.410E+13  3.418E+13  2.520E+13  1.685E+13  8.942E+12
  24   1.012E+14  9.653E+13  8.977E+13  8.107E+13  7.054E+13  5.577E+13  4.430E+13  3.435E+13  2.532E+13  1.693E+13  8.987E+12
  25   1.012E+14  9.653E+13  8.977E+13  8.107E+13  7.054E+13  5.577E+13  4.430E+13  3.435E+13  2.532E+13  1.693E+13  8.987E+12
  26   1.010E+14  9.627E+13  8.948E+13  8.078E+13  7.026E+13  5.553E+13  4.410E+13  3.418E+13  2.520E+13  1.685E+13  8.942E+12
  27   1.006E+14  9.575E+13  8.889E+13  8.017E+13  6.969E+13  5.504E+13  4.370E+13  3.386E+13  2.495E+13  1.668E+13  8.851E+12
  28   9.992E+13  9.491E+13  8.796E+13  7.922E+13  6.879E+13  5.429E+13  4.307E+13  3.336E+13  2.457E+13  1.642E+13  8.713E+12
  29   9.891E+13  9.369E+13  8.663E+13  7.789E+13  6.755E+13  5.326E+13  4.222E+13  3.267E+13  2.406E+13  1.607E+13  8.526E+12
  30   9.745E+13  9.198E+13  8.482E+13  7.612E+13  6.592E+13  5.191E+13  4.111E+13  3.179E+13  2.340E+13  1.562E+13  8.287E+12
  31   9.537E+13  8.968E+13  8.247E+13  7.385E+13  6.386E+13  5.023E+13  3.974E+13  3.071E+13  2.258E+13  1.507E+13  7.994E+12
  32   9.252E+13  8.668E+13  7.949E+13  7.104E+13  6.132E+13  4.818E+13  3.808E+13  2.940E+13  2.161E+13  1.442E+13  7.647E+12
  33   8.876E+13  8.287E+13  7.581E+13  6.762E+13  5.829E+13  4.574E+13  3.612E+13  2.788E+13  2.048E+13  1.366E+13  7.243E+12
  34   8.400E+13  7.821E+13  7.138E+13  6.356E+13  5.472E+13  4.291E+13  3.387E+13  2.612E+13  1.919E+13  1.280E+13  6.785E+12
  35   7.821E+13  7.264E+13  6.618E+13  5.885E+13  5.062E+13  3.968E+13  3.131E+13  2.415E+13  1.774E+13  1.184E+13  6.275E+12
  36   7.138E+13  6.618E+13  6.022E+13  5.350E+13  4.600E+13  3.605E+13  2.846E+13  2.197E+13  1.615E+13  1.078E+13  5.717E+12
  37   6.356E+13  5.885E+13  5.350E+13  4.751E+13  4.086E+13  3.206E+13  2.536E+13  1.961E+13  1.444E+13  9.648E+12  5.119E+12
  38   5.472E+13  5.062E+13  4.600E+13  4.086E+13  3.520E+13  2.770E+13  2.204E+13  1.711E+13  1.264E+13  8.458E+12  4.493E+12
  39   4.291E+13  3.968E+13  3.605E+13  3.206E+13  2.770E+13  2.296E+13  1.858E+13  1.454E+13  1.078E+13  7.235E+12  3.849E+12
  40   3.387E+13  3.131E+13  2.846E+13  2.536E+13  2.204E+13  1.858E+13  1.520E+13  1.198E+13  8.925E+12  6.006E+12  3.199E+12
  41   2.612E+13  2.415E+13  2.197E+13  1.961E+13  1.711E+13  1.454E+13  1.198E+13  9.497E+12  7.100E+12  4.790E+12  2.556E+12
  42   1.919E+13  1.774E+13  1.615E+13  1.444E+13  1.264E+13  1.078E+13  8.925E+12  7.100E+12  5.324E+12  3.599E+12  1.923E+12
  43   1.280E+13  1.184E+13  1.078E+13  9.648E+12  8.458E+12  7.235E+12  6.006E+12  4.790E+12  3.599E+12  2.437E+12  1.303E+12
  44   6.785E+12  6.275E+12  5.717E+12  5.119E+12  4.493E+12  3.849E+12  3.199E+12  2.556E+12  1.923E+12  1.303E+12  6.977E+11
  45   0.000E+00  0.000E+00  0.000E+00  0.000E+00  0.000E+00  0.000E+00  0.000E+00  0.000E+00  0.000E+00  0.000E+00  0.000E+00
  46   0.000E+00  0.000E+00  0.000E+00  0.000E+00  0.000E+00  0.000E+00  0.000E+00  0.000E+00  0.000E+00  0.000E+00  0.000E+00
  47   0.000E+00  0.000E+00  0.000E+00  0.000E+00  0.000E+00  0.000E+00  0.000E+00  0.000E+00  0.000E+00  0.000E+00  0.000E+00
  48   0.000E+00  0.000E+00  0.000E+00  0.000E+00  0.000E+00  0.000E+00  0.000E+00  0.000E+00  0.000E+00  0.000E+00  0.000E+00

         45         46         47         48
   1   0.000E+00  0.000E+00  0.000E+00  0.000E+00
   2   0.000E+00  0.000E+00  0.000E+00  0.000E+00
   3   0.000E+00  0.000E+00  0.000E+00  0.000E+00
   4   0.000E+00  0.000E+00  0.000E+00  0.000E+00
   5   0.000E+00  0.000E+00  0.000E+00  0.000E+00
   6   0.000E+00  0.000E+00  0.000E+00  0.000E+00
   7   0.000E+00  0.000E+00  0.000E+00  0.000E+00
   8   0.000E+00  0.000E+00  0.000E+00  0.000E+00
   9   0.000E+00  0.000E+00  0.000E+00  0.000E+00
  10   0.000E+00  0.000E+00  0.000E+00  0.000E+00
  11   0.000E+00  0.000E+00  0.000E+00  0.000E+00
  12   0.000E+00  0.000E+00  0.000E+00  0.000E+00
  13   0.000E+00  0.000E+00  0.000E+00  0.000E+00
  14   0.000E+00  0.000E+00  0.000E+00  0.000E+00
  15   0.000E+00  0.000E+00  0.000E+00  0.000E+00
  16   0.000E+00  0.000E+00  0.000E+00  0.000E+00
  17   0.000E+00  0.000E+00  0.000E+00  0.000E+00
  18   0.000E+00  0.000E+00  0.000E+00  0.000E+00
  19   0.000E+00  0.000E+00  0.000E+00  0.000E+00
  20   0.000E+00  0.000E+00  0.000E+00  0.000E+00
  21   0.000E+00  0.000E+00  0.000E+00  0.000E+00
  22   0.000E+00  0.000E+00  0.000E+00  0.000E+00
  23   0.000E+00  0.000E+00  0.000E+00  0.000E+00
  24   0.000E+00  0.000E+00  0.000E+00  0.000E+00
  25   0.000E+00  0.000E+00  0.000E+00  0.000E+00
  26   0.000E+00  0.000E+00  0.000E+00  0.000E+00
  27   0.000E+00  0.000E+00  0.000E+00  0.000E+00
  28   0.000E+00  0.000E+00  0.000E+00  0.000E+00
  29   0.000E+00  0.000E+00  0.000E+00  0.000E+00
  30   0.000E+00  0.000E+00  0.000E+00  0.000E+00
  31   0.000E+00  0.000E+00  0.000E+00  0.000E+00
  32   0.000E+00  0.000E+00  0.000E+00  0.000E+00
  33   0.000E+00  0.000E+00  0.000E+00  0.000E+00
  34   0.000E+00  0.000E+00  0.000E+00  0.000E+00
  35   0.000E+00  0.000E+00  0.000E+00  0.000E+00
  36   0.000E+00  0.000E+00  0.000E+00  0.000E+00
  37   0.000E+00  0.000E+00  0.000E+00  0.000E+00
  38   0.000E+00  0.000E+00  0.000E+00  0.000E+00
  39   0.000E+00  0.000E+00  0.000E+00  0.000E+00
  40   0.000E+00  0.000E+00  0.000E+00  0.000E+00
  41   0.000E+00  0.000E+00  0.000E+00  0.000E+00
  42   0.000E+00  0.000E+00  0.000E+00  0.000E+00
  43   0.000E+00  0.000E+00  0.000E+00  0.000E+00
  44   0.000E+00  0.000E+00  0.000E+00  0.000E+00
  45   0.000E+00  0.000E+00  0.000E+00  0.000E+00
  46   0.000E+00  0.000E+00  0.000E+00  0.000E+00
  47   0.000E+00  0.000E+00  0.000E+00  0.000E+00
  48   0.000E+00  0.000E+00  0.000E+00  0.000E+00

 POINT NEUTRON SOURCE(N/SEC) FOR GROUP    2

          1          2          3          4          5          6          7          8          9         10         11
   1   0.000E+00  0.000E+00  0.000E+00  0.000E+00  0.000E+00  0.000E+00  0.000E+00  0.000E+00  0.000E+00  0.000E+00  0.000E+00
   2   0.000E+00  0.000E+00  0.000E+00  0.000E+00  0.000E+00  0.000E+00  0.000E+00  0.000E+00  0.000E+00  0.000E+00  0.000E+00
   3   0.000E+00  0.000E+00  0.000E+00  0.000E+00  0.000E+00  0.000E+00  0.000E+00  0.000E+00  0.000E+00  0.000E+00  0.000E+00
   4   0.000E+00  0.000E+00  0.000E+00  0.000E+00  0.000E+00  0.000E+00  0.000E+00  0.000E+00  0.000E+00  0.000E+00  0.000E+00
   5   0.000E+00  0.000E+00  0.000E+00  0.000E+00  5.393E+12  1.122E+13  1.679E+13  2.237E+13  2.802E+13  3.370E+13  3.932E+13
   6   0.000E+00  0.000E+00  0.000E+00  0.000E+00  1.122E+13  2.343E+13  3.513E+13  4.687E+13  5.876E+13  7.073E+13  8.260E+13
   7   0.000E+00  0.000E+00  0.000E+00  0.000E+00  1.679E+13  3.513E+13  5.274E+13  7.048E+13  8.850E+13  1.067E+14  1.247E+14
   8   0.000E+00  0.000E+00  0.000E+00  0.000E+00  2.237E+13  4.687E+13  7.048E+13  9.434E+13  1.186E+14  1.430E+14  1.669E+14
   9   0.000E+00  0.000E+00  0.000E+00  0.000E+00  2.802E+13  5.876E+13  8.850E+13  1.186E+14  1.491E+14  1.788E+14  2.060E+14
  10   0.000E+00  0.000E+00  0.000E+00  0.000E+00  3.370E+13  7.073E+13  1.067E+14  1.430E+14  1.788E+14  2.092E+14  2.254E+14
  11   0.000E+00  0.000E+00  0.000E+00  0.000E+00  3.932E+13  8.260E+13  1.247E+14  1.669E+14  2.060E+14  2.254E+14  1.467E+14
  12   0.000E+00  0.000E+00  0.000E+00  0.000E+00  4.480E+13  9.417E+13  1.422E+14  1.905E+14  2.343E+14  2.527E+14  1.545E+14
  13   0.000E+00  0.000E+00  0.000E+00  0.000E+00  5.002E+13  1.052E+14  1.590E+14  2.130E+14  2.621E+14  2.821E+14  1.719E+14
  14   0.000E+00  0.000E+00  0.000E+00  0.000E+00  5.489E+13  1.155E+14  1.746E+14  2.340E+14  2.880E+14  3.100E+14  1.889E+14
  15   0.000E+00  0.000E+00  0.000E+00  0.000E+00  5.936E+13  1.249E+14  1.888E+14  2.531E+14  3.115E+14  3.352E+14  2.042E+14
  16   0.000E+00  0.000E+00  0.000E+00  0.000E+00  6.337E+13  1.333E+14  2.015E+14  2.701E+14  3.322E+14  3.574E+14  2.175E+14
  17   0.000E+00  0.000E+00  0.000E+00  0.000E+00  6.690E+13  1.407E+14  2.127E+14  2.849E+14  3.503E+14  3.766E+14  2.289E+14
  18   0.000E+00  0.000E+00  0.000E+00  0.000E+00  6.994E+13  1.471E+14  2.222E+14  2.975E+14  3.656E+14  3.927E+14  2.384E+14
  19   0.000E+00  0.000E+00  0.000E+00  0.000E+00  7.249E+13  1.524E+14  2.302E+14  3.081E+14  3.783E+14  4.061E+14  2.462E+14
  20   0.000E+00  0.000E+00  0.000E+00  0.000E+00  7.458E+13  1.568E+14  2.367E+14  3.166E+14  3.885E+14  4.167E+14  2.523E+14
  21   0.000E+00  0.000E+00  0.000E+00  0.000E+00  7.622E+13  1.602E+14  2.418E+14  3.233E+14  3.965E+14  4.249E+14  2.570E+14
  22   0.000E+00  0.000E+00  0.000E+00  0.000E+00  7.743E+13  1.627E+14  2.455E+14  3.282E+14  4.023E+14  4.309E+14  2.604E+14
  23   0.000E+00  0.000E+00  0.000E+00  0.000E+00  7.823E+13  1.644E+14  2.480E+14  3.313E+14  4.060E+14  4.348E+14  2.626E+14
  24   0.000E+00  0.000E+00  0.000E+00  0.000E+00  7.862E+13  1.652E+14  2.492E+14  3.329E+14  4.079E+14  4.367E+14  2.637E+14
  25   0.000E+00  0.000E+00  0.000E+00  0.000E+00  7.862E+13  1.652E+14  2.492E+14  3.329E+14  4.079E+14  4.367E+14  2.637E+14
  26   0.000E+00  0.000E+00  0.000E+00  0.000E+00  7.823E+13  1.644E+14  2.480E+14  3.313E+14  4.060E+14  4.348E+14  2.626E+14
  27   0.000E+00  0.000E+00  0.000E+00  0.000E+00  7.743E+13  1.627E+14  2.455E+14  3.282E+14  4.023E+14  4.309E+14  2.604E+14
  28   0.000E+00  0.000E+00  0.000E+00  0.000E+00  7.622E+13  1.602E+14  2.418E+14  3.233E+14  3.965E+14  4.249E+14  2.570E+14
  29   0.000E+00  0.000E+00  0.000E+00  0.000E+00  7.458E+13  1.568E+14  2.367E+14  3.166E+14  3.885E+14  4.167E+14  2.523E+14
  30   0.000E+00  0.000E+00  0.000E+00  0.000E+00  7.249E+13  1.524E+14  2.302E+14  3.081E+14  3.783E+14  4.061E+14  2.462E+14
  31   0.000E+00  0.000E+00  0.000E+00  0.000E+00  6.994E+13  1.471E+14  2.222E+14  2.975E+14  3.656E+14  3.927E+14  2.384E+14
  32   0.000E+00  0.000E+00  0.000E+00  0.000E+00  6.690E+13  1.407E+14  2.127E+14  2.849E+14  3.503E+14  3.766E+14  2.289E+14
  33   0.000E+00  0.000E+00  0.000E+00  0.000E+00  6.337E+13  1.333E+14  2.015E+14  2.701E+14  3.322E+14  3.574E+14  2.175E+14
  34   0.000E+00  0.000E+00  0.000E+00  0.000E+00  5.936E+13  1.249E+14  1.888E+14  2.531E+14  3.115E+14  3.352E+14  2.042E+14
  35   0.000E+00  0.000E+00  0.000E+00  0.000E+00  5.489E+13  1.155E+14  1.746E+14  2.340E+14  2.880E+14  3.100E+14  1.889E+14
  36   0.000E+00  0.000E+00  0.000E+00  0.000E+00  5.002E+13  1.052E+14  1.590E+14  2.130E+14  2.621E+14  2.821E+14  1.719E+14
  37   0.000E+00  0.000E+00  0.000E+00  0.000E+00  4.480E+13  9.417E+13  1.422E+14  1.905E+14  2.343E+14  2.527E+14  1.545E+14
  38   0.000E+00  0.000E+00  0.000E+00  0.000E+00  3.932E+13  8.260E+13  1.247E+14  1.669E+14  2.060E+14  2.254E+14  1.467E+14
  39   0.000E+00  0.000E+00  0.000E+00  0.000E+00  3.370E+13  7.073E+13  1.067E+14  1.430E+14  1.788E+14  2.092E+14  2.254E+14
  40   0.000E+00  0.000E+00  0.000E+00  0.000E+00  2.802E+13  5.876E+13  8.850E+13  1.186E+14  1.491E+14  1.788E+14  2.060E+14
  41   0.000E+00  0.000E+00  0.000E+00  0.000E+00  2.237E+13  4.687E+13  7.048E+13  9.434E+13  1.186E+14  1.430E+14  1.669E+14
  42   0.000E+00  0.000E+00  0.000E+00  0.000E+00  1.679E+13  3.513E+13  5.274E+13  7.048E+13  8.850E+13  1.067E+14  1.247E+14
  43   0.000E+00  0.000E+00  0.000E+00  0.000E+00  1.122E+13  2.343E+13  3.513E+13  4.687E+13  5.876E+13  7.073E+13  8.260E+13
